gene	conMean	treatMean	logFC	pValue	fdr
SOX9	18.5973615384615	73.9530655940594	1.99151199641767	3.26219380767304e-23	2.65379466254202e-21
SDK1	1.08603076923077	0.468393069306931	-1.21327334398259	4.0641595065112e-12	1.37758073272786e-11
RNF43	3.6393358974359	22.2219611386139	2.61023902553395	1.11505998442464e-20	2.18578625862517e-19
DMD	2.60230256410256	0.800420297029703	-1.70095905421624	3.59330817130219e-11	1.10100045098092e-10
ANK3	2.43526923076923	0.889426237623762	-1.45313440882275	3.01518092986778e-20	4.80950918911263e-19
PCDH17	0.416789743589744	0.875428712871287	1.07066992714172	8.05485135302307e-08	1.72892389859743e-07
CACNA1H	7.16947179487179	2.20928267326733	-1.69828881300626	6.94678930006362e-09	1.67195653716028e-08
TSHZ3	1.74294871794872	0.731806930693069	-1.25199513814966	6.30937205603645e-10	1.66645265181352e-09
MXRA5	4.6236641025641	10.0658215346535	1.12235642579727	0.0145021124923088	0.0182623351586582
COL12A1	5.02058974358974	19.9042133663366	1.98714511043971	2.06968841724445e-13	8.4184576371418e-13
FCGBP	314.89368974359	49.489500990099	-2.66967044664576	7.05960445614168e-20	1.05375930735252e-18
COL11A1	0.051925641025641	4.68324183168317	6.49491660579138	4.80815172008522e-24	9.77857856072332e-22
PRKDC	8.03197692307692	20.9693410891089	1.38445449958477	1.23995950469599e-17	1.00368861400019e-16
APOB	12.6111205128205	0.129790099009901	-6.60237232420658	1.2131718917801e-05	2.10429708734139e-05
VCAN	2.57269487179487	7.28117450495049	1.50089082622173	1.21054912247589e-07	2.56453570607848e-07
CHD7	1.83688717948718	4.4344202970297	1.2714824964886	1.88896893303064e-16	1.18662256912774e-15
TNXB	7.12814871794872	0.498486386138614	-3.83790142710598	3.67093905141137e-23	2.84410373173633e-21
CELSR1	0.5462	3.15142079207921	2.52850118322417	1.57463896165137e-20	2.78471477239867e-19
MAP1B	2.81841794871795	1.21398440594059	-1.21513567780113	5.02552376320188e-11	1.51698092072903e-10
DOCK2	2.27252307692308	0.96972400990099	-1.22864883477813	4.14406180214373e-14	1.85740731462475e-13
NFASC	1.44661282051282	0.613561633663366	-1.23739866434015	1.23619338525894e-12	4.58151853716696e-12
COL5A1	7.98775128205128	24.2908339108911	1.60455070213882	5.06999654361858e-11	1.5275711808273e-10
ADAMTS2	1.16725384615385	5.97977128712871	2.35697196328861	2.16866005431725e-14	1.01391089321097e-13
SPEG	2.31863076923077	0.352245792079208	-2.71861871870026	1.09671388757068e-13	4.67108244784685e-13
FLNC	46.0155025641026	4.75615049504951	-3.27425371422135	5.34453588057222e-11	1.60731236186525e-10
COL7A1	0.405812820512821	3.58741608910891	3.14405873823914	2.179513648638e-21	5.69981528616331e-20
COL27A1	0.483112820512821	1.94602846534653	2.01010076952744	4.05098663385304e-13	1.59974642069876e-12
ASPM	1.05518974358974	3.11442747524752	1.56146453038131	1.15936271209856e-16	7.54513253033743e-16
AKAP12	8.88307948717949	3.48554405940594	-1.34967603646985	6.5345758657964e-12	2.16974590482668e-11
TNS1	32.1783384615385	5.61588440594059	-2.51850468850469	1.71548129086588e-14	8.1136280820895e-14
SVIL	18.4836179487179	5.72911212871287	-1.68986369560061	3.06138971891302e-12	1.07346574842058e-11
FASN	15.2323769230769	45.5893284653465	1.58155507484853	2.73236207577515e-17	2.06769911501682e-16
HELZ2	4.23304102564103	9.78067698019802	1.20823985535424	8.99045423660046e-13	3.40966644357784e-12
KIF26B	0.110074358974359	1.14874232673267	3.38350487698227	4.72683429479669e-19	5.16144926015719e-18
BRCA2	0.350620512820513	1.69276014851485	2.27139526099413	5.50023371359191e-21	1.22587400712521e-19
TG	0.0549538461538462	1.0902551980198	4.31030160135574	9.04244291505834e-20	1.29053110726315e-18
MAP1A	3.59028205128205	1.24332277227723	-1.5298963108666	1.07508454742921e-06	2.06756803624979e-06
UGGT2	1.40789487179487	4.03641633663366	1.51953537782127	8.12843149779793e-19	8.3176064793551e-18
FLNA	263.448864102564	70.4716061881188	-1.90240895788984	3.99398257402714e-07	8.04233867319574e-07
AHNAK	70.4062282051282	26.4133381188119	-1.41443641586027	1.44438924021552e-16	9.28862171474566e-16
COL4A1	11.8106384615385	26.9453014851485	1.18994677251925	3.58584756169802e-12	1.23344058834729e-11
SVEP1	2.43632564102564	0.769271287128713	-1.66314261157566	6.3865595601565e-15	3.29870869980147e-14
COL14A1	10.5688435897436	4.31619430693069	-1.29198581130446	4.67551842530782e-14	2.07843401037591e-13
ACAN	0.119402564102564	0.989919306930693	3.05147711099889	3.92790312344284e-21	9.12956911691643e-20
TRPA1	2.8196641025641	1.15742153465347	-1.28460891743964	3.45648863212732e-14	1.56214083457532e-13
COL5A2	7.55411794871795	25.9846767326733	1.7823258959321	5.79881655364489e-12	1.92938129504708e-11
CALD1	61.5831256410256	20.3255564356436	-1.59924024469321	0.000180304382051479	0.000281530930516081
ACACB	4.57545641025641	1.47027574257426	-1.63782891168508	2.01576012229192e-22	9.11011588602487e-21
PRUNE2	7.58028205128205	2.99068564356436	-1.34177525586833	3.2134196984682e-06	5.94793384460496e-06
TIAM1	1.01251538461538	0.457343316831683	-1.14659435492293	3.36364092425493e-15	1.81213370323271e-14
STAB1	11.9722461538462	4.03607326732673	-1.56866957738932	2.25703383821591e-17	1.73216700697042e-16
BRINP3	2.76830769230769	0.298068316831683	-3.21528936744815	2.55805675485148e-23	2.2049630668218e-21
SLIT3	4.37096666666667	0.845077475247525	-2.37079685969302	8.49409573600202e-21	1.74935364081966e-19
MKI67	7.15181282051282	16.4401185643564	1.20083982015657	2.0381349480001e-12	7.30406511100476e-12
NUP205	6.22203846153846	12.5393512376238	1.01100348971751	4.56271772168334e-20	7.07003974588457e-19
MPDZ	1.43961538461538	0.60999603960396	-1.23881164385545	4.95623544080292e-10	1.33287327658583e-09
PLXNA1	3.31530769230769	8.8516952970297	1.41681101745949	8.81575438090936e-21	1.79290404721744e-19
AXIN2	5.47454615384615	34.1747207920792	2.64211827733145	1.3229211887986e-16	8.54124116736239e-16
PLCG2	2.84039743589744	0.797324504950495	-1.83285389489827	2.81925294739574e-20	4.58692454541287e-19
SAMD9	7.53501282051282	3.31027400990099	-1.18665932459536	4.27111164378412e-14	1.90386264231144e-13
TRPM6	13.6377564102564	0.913204702970297	-3.90052422199961	1.98996903328835e-22	9.11011588602487e-21
SPTBN2	0.451448717948718	4.4558	3.30305045827302	6.75837516312961e-24	1.22063576691677e-21
TTK	2.05840512820513	5.51098242574257	1.42078257004741	6.32993440295038e-18	5.30866148123725e-17
COL1A2	53.1164179487179	158.980225247525	1.58161756409009	1.88821321804863e-08	4.37001835812962e-08
KIAA1549	0.451815384615385	2.50590445544554	2.47152610755138	4.58658827738377e-23	3.06408856434743e-21
PTPN13	0.894464102564103	2.24424158415842	1.32713249597658	0.00136049474216815	0.00191481396670206
KNL1	1.12168461538462	2.43056955445545	1.11562732994778	2.23857250937459e-12	7.98718744024662e-12
UTP20	2.18032051282051	4.79427277227723	1.13677176355895	3.91017604593623e-17	2.86570109312534e-16
BOC	2.04387692307692	0.800504702970297	-1.35232653984702	1.20400463611442e-11	3.8485570588569e-11
THBS2	2.06521538461538	10.0021133663366	2.27594070652327	2.77376857888689e-08	6.26794649701246e-08
NCAPD3	2.19758205128205	5.16819925742574	1.23374466112974	1.03498827714319e-21	3.17721873002259e-20
PLXNA2	9.48938717948718	4.61711014851485	-1.03932477104858	4.62659274076946e-15	2.44398259390646e-14
LTBP4	39.7744692307692	15.7385658415842	-1.33753859574786	1.88462529889815e-17	1.47417565447466e-16
CACNA1D	0.400535897435897	1.17214034653465	1.54914186863028	4.46208454317757e-13	1.74514700763219e-12
PTPRC	6.99296666666667	3.38748316831683	-1.04569085027871	4.10328462335856e-11	1.24553061235156e-10
NOTCH3	3.7578358974359	9.29090099009901	1.30591644305761	8.83796685095385e-12	2.87587441330038e-11
ASXL1	3.59483846153846	7.58958094059406	1.07809328644564	7.687759825771e-18	6.38162512067827e-17
ADCY5	3.89591794871795	0.596384653465347	-2.70764825447864	4.35487834205985e-22	1.68699691965033e-20
CADPS	0.345410256410256	1.70776113861386	2.30572337482792	5.61634939243938e-10	1.49066891704712e-09
SLIT2	1.80718717948718	0.544469554455446	-1.7308226571758	3.56308377212369e-15	1.91324663275421e-14
MYO7A	0.546830769230769	1.32345841584158	1.27514653655417	2.79859798491488e-10	7.743739662341e-10
CELSR3	0.276666666666667	2.01073638613861	2.86150321133441	7.98382289800741e-21	1.68612392110878e-19
TGIF1	5.92	13.1825522277228	1.15496063155042	1.00908630969607e-21	3.15727581899136e-20
ABI3BP	4.80213333333333	0.65277698019802	-2.87901337366918	7.24260544645083e-23	4.20847109334839e-21
MUC6	0.0253512820512821	3.20079702970297	6.9802286765053	1.01178178619959e-06	1.95275084952163e-06
COL3A1	108.620253846154	261.890268564356	1.26966931241214	8.70249205229844e-06	1.53069779125293e-05
ABCB1	21.1042538461538	7.52841683168317	-1.48711540862497	8.36695209878132e-12	2.73354037444121e-11
AMOTL1	4.79231794871795	1.50335	-1.67254270054946	3.72288741777897e-11	1.13643237480827e-10
DOCK6	3.55065641025641	7.40640569306931	1.06068781622588	1.90738304195585e-18	1.81480246155682e-17
ATAD5	0.608510256410256	1.70246311881188	1.48427006004486	1.81804196129089e-16	1.14649390349623e-15
CD163	10.1596153846154	3.82003168316832	-1.41118927756648	3.93449604266331e-12	1.34201783258138e-11
ATR	0.680771794871795	1.58207450495049	1.21657437161217	2.8784355038403e-18	2.66091736633419e-17
DAAM2	1.89898974358974	0.548770544554455	-1.79095716198314	1.82738753064156e-21	5.10306016090053e-20
POLQ	0.521525641025641	1.61436262376238	1.63015458790374	4.16355605476604e-18	3.70169710442861e-17
MRC1	7.78861794871795	3.05020891089109	-1.35245929475316	8.06262265873806e-14	3.52631372735667e-13
STK31	0.0447230769230769	0.668900247524753	3.90269972579738	1.33346132479404e-20	2.46538815390898e-19
DOCK10	1.77920256410256	0.832159653465346	-1.09629852493862	1.33614162604e-15	7.41946220330061e-15
PLCB4	8.54595641025641	27.8324967821782	1.70345647146122	2.73970421925759e-06	5.12356179854264e-06
PCDH7	1.79754871794872	0.762145297029703	-1.23789290418616	7.03201057918108e-12	2.32070612826118e-11
PLXNA3	2.45986923076923	6.15462772277228	1.32308997210391	7.21066615063017e-17	4.90868360965493e-16
CFH	6.91197948717949	2.97988564356436	-1.21384196927442	5.52424767633473e-17	3.92486941895048e-16
ITGAX	1.2049641025641	2.52749306930693	1.0687169687406	0.000190439324943714	0.000295371574531385
GPRASP1	1.77834102564103	0.618233663366337	-1.52430789333483	8.43168721945588e-14	3.65822802828126e-13
XPO4	2.38787179487179	5.82694356435644	1.28701395762259	6.70937312258986e-17	4.60597049386232e-16
FREM1	0.898041025641026	2.93498341584158	1.70849909247554	0.0106711854492256	0.0136924437901341
ATP1A2	7.10999487179487	0.305747277227723	-4.53943696299124	1.7690086186899e-22	8.73579108341258e-21
CELSR2	0.916692307692308	1.95346955445545	1.09152929830392	9.50841573414595e-11	2.77243591388091e-10
SPECC1	3.44320769230769	1.57282103960396	-1.13039868023703	5.67636364880528e-19	5.95835074619754e-18
NOL6	6.37114358974359	14.3035688118812	1.16675089385346	1.82745677244429e-21	5.10306016090053e-20
ZEB2	1.92772564102564	0.841314851485149	-1.19618202094091	3.64703010095394e-18	3.27829722334368e-17
PDGFRA	6.60798461538462	3.24358366336634	-1.02662167645251	1.1242422715689e-13	4.75101863855221e-13
ADAMTS12	0.222753846153846	2.58850965346535	3.53859945132339	6.30572122223693e-22	2.23030618012598e-20
CTTNBP2	0.712023076923077	2.15679059405941	1.59889020460946	9.53758464258177e-07	1.85174823549887e-06
SULF1	6.12576923076923	22.6055245049505	1.88371246815233	1.51875068631122e-09	3.84892113181987e-09
NBEAL2	5.71108461538462	14.6318267326733	1.35727323135483	2.76427807018639e-18	2.569988811539e-17
SALL4	0.0382512820512821	1.310025	5.09794243083638	4.43727546537914e-24	9.77857856072332e-22
PRKCG	0.0616153846153846	0.692316584158416	3.49006938324072	3.85954317390214e-08	8.54350577406637e-08
TRPM2	1.60225897435897	4.68636113861386	1.54836078440172	3.37711002797126e-11	1.03866881200553e-10
MYLK	36.8675102564103	4.18198292079208	-3.14009091628117	1.33693502821854e-19	1.82789352177442e-18
FANCA	0.995571794871795	3.01785198019802	1.59992478257822	3.0015641145984e-21	7.28887285739044e-20
CRACD	7.10536153846154	1.7307853960396	-2.03748120644433	7.59758468691027e-21	1.62648293231619e-19
PTPRU	0.86601282051282	3.05266782178218	1.81761032222115	0.000186516714374011	0.000290673078818502
MUC4	11.1214	4.57065594059406	-1.28286528265897	1.39163454656232e-11	4.42224493604862e-11
IGSF9	11.490558974359	3.65897995049505	-1.65093556610024	5.52424767633473e-17	3.92486941895048e-16
COL1A1	47.3987666666667	290.97549480198	2.61797623296292	1.18865323279977e-15	6.69182979157518e-15
SIGLEC1	3.58162051282051	1.03835693069307	-1.7863100369307	2.97223397785305e-17	2.22849063685111e-16
PLCE1	7.74548717948718	2.10660841584158	-1.87843381962546	3.12138400622303e-22	1.26962294453122e-20
CACNA2D1	1.67529230769231	0.525729702970297	-1.67201968876614	7.71776593637848e-11	2.27891201061484e-10
MEGF6	0.884374358974359	3.08804925742574	1.80396666296693	2.17877091185262e-10	6.16497438884211e-10
MYH7B	0.200676923076923	0.741137128712871	1.88486577857464	8.71260796229776e-05	0.000141189374050383
COL5A3	1.29082820512821	3.13942846534653	1.28220493284411	8.08705350433909e-10	2.10522176824955e-09
TEK	3.1202641025641	1.30430915841584	-1.2583822756272	4.80661147256597e-17	3.47571416260659e-16
CENPF	2.33458717948718	7.09606559405941	1.60385188204504	4.94241860262841e-17	3.55810401171523e-16
BLM	0.77335641025641	1.87699702970297	1.27922101191076	6.60232292926702e-16	3.86402136903505e-15
KIF21B	1.38786923076923	3.46852153465347	1.32144920248667	2.24915733509441e-13	9.08034487394195e-13
ATP8B2	4.08181794871795	2.00550792079208	-1.02524417471309	4.72271279142471e-14	2.08800789126634e-13
EPB41L3	8.2604717948718	1.36829727722772	-2.59384247796422	8.25260813527014e-24	1.22063576691677e-21
ADCY9	6.49956153846154	2.5394400990099	-1.35583195328749	1.35003583787863e-21	3.97223786414657e-20
TBC1D9	5.86400256410256	2.6088603960396	-1.16846598882149	1.55529714110484e-17	1.23437485296467e-16
PIK3CG	2.20639230769231	0.704404950495049	-1.6472123787503	8.32154964512494e-19	8.40948606072534e-18
SPART	3.70995897435897	1.44036138613861	-1.36497240452064	2.21320312971504e-14	1.03177120115942e-13
PCNX2	0.467379487179487	1.34182326732673	1.5215283432978	1.38593470052771e-19	1.84829160472015e-18
A2M	100.399738461538	41.371701980198	-1.27903929653367	7.77605011605545e-18	6.42214900447828e-17
ADAMTS1	10.8289923076923	3.08882920792079	-1.80976699247672	4.69085279671203e-12	1.58012784684275e-11
CENPE	0.754948717948718	2.16814430693069	1.52201022881479	7.61647472689121e-15	3.87250136895375e-14
CLCN4	0.415166666666667	1.57376386138614	1.92245656410177	5.18162034533183e-13	2.01205162335439e-12
NUP210	5.75495897435897	16.1078096534653	1.48488278022042	4.97666682059047e-15	2.62040029679634e-14
ESPL1	1.6268	3.72266435643564	1.19429864959857	1.94949825120081e-17	1.51762375823144e-16
ITGAL	2.54421282051282	1.23044727722772	-1.04803651361343	1.33011307993124e-11	4.23501757543665e-11
ZBTB7C	12.3977666666667	2.54605717821782	-2.28374353285567	8.08344596475013e-21	1.68612392110878e-19
SH3BP4	8.17118461538461	17.726103960396	1.11725832658356	2.32348244312942e-18	2.18514793928992e-17
PPRC1	5.46460769230769	12.2633381188119	1.16616190584279	2.30387954382431e-20	3.86434228639397e-19
BCHE	4.51461025641026	0.291188613861386	-3.95457559699898	9.76573984355132e-23	5.4366803545705e-21
MMP9	7.48149230769231	18.8660262376238	1.33439260584139	0.00020110789151032	0.000310733655733419
HEATR1	2.63843846153846	6.32873638613861	1.26223314096535	5.60854758770131e-20	8.44917307887966e-19
MYH11	221.575930769231	12.5777596534653	-4.13885429576623	5.44676634848604e-19	5.75447327856285e-18
FER1L6	4.13065641025641	0.710606930693069	-2.53924739645553	1.06306088122506e-19	1.49103452909756e-18
NCKAP1L	3.85167948717949	1.67558638613861	-1.20082158835737	5.24252361940092e-15	2.75147933185977e-14
PDE3A	6.33794102564103	1.91775074257426	-1.72459901561846	1.3694113578241e-19	1.84134899105769e-18
ATP8B1	66.9280923076923	23.7514663366337	-1.49459530947852	1.42698705904938e-20	2.55132741216851e-19
PCBP1	3.95383333333333	12.2156076732673	1.62740166991283	0.0277843421430347	0.0339632792387058
CAD	4.91282051282051	14.5065992574257	1.56208591487059	1.91446970062173e-22	9.11011588602487e-21
FAM214A	3.34778717948718	1.64434876237624	-1.02569149436847	1.19993288631743e-19	1.66862462054569e-18
GRM8	0.503851282051282	2.94041881188119	2.54495178433825	1.49512475487146e-06	2.84178501889704e-06
APBB1	4.27319230769231	1.57508044554455	-1.43988872990017	2.05059325179285e-14	9.64252953949991e-14
TRANK1	11.1541974358974	2.82279158415842	-1.98239219388674	1.14293370951272e-20	2.21375374449666e-19
RPGRIP1L	0.327920512820513	0.943144801980198	1.52413313508713	5.76743027804722e-22	2.0852464583073e-20
CD163L1	8.44524358974359	1.07180544554455	-2.97809598478028	1.94616653335275e-21	5.27735491627487e-20
FBXL7	2.60206923076923	1.07407400990099	-1.27656594020763	1.55697630897859e-13	6.44580268373579e-13
DDX60	14.5274974358974	5.53357945544554	-1.39250128967196	5.32469933064978e-16	3.1850315481497e-15
DPYD	3.84015641025641	1.24655495049505	-1.62321859241818	3.3126989180621e-19	3.79560643639932e-18
ROR2	3.3183	1.59456782178218	-1.05727886191709	7.33243397999417e-06	1.29813602670843e-05
SORBS2	4.5740358974359	1.52466683168317	-1.58497366701851	1.46422855314255e-09	3.72816878867438e-09
SIPA1L2	10.2886666666667	4.61055594059406	-1.15804340563791	4.29996272474043e-19	4.72706678112982e-18
CDH11	1.3243358974359	4.04136534653465	1.60957369361556	4.15778766136036e-10	1.1255774584082e-09
CENPJ	1.45468717948718	3.59982252475248	1.3072168370399	2.07278324064367e-16	1.29211430365029e-15
ATP11A	1.64077435897436	8.19026856435644	2.31953390802808	7.61927093695027e-24	1.22063576691677e-21
PCDHB9	0.148110256410256	0.549853465346535	1.89237564650258	4.21744543482023e-06	7.658287453866e-06
AGRN	9.14075641025641	20.795903960396	1.18591393734656	2.94033080724663e-14	1.3475825981381e-13
APLP1	1.20085384615385	0.539208910891089	-1.15514433020195	4.32344693183791e-17	3.14028935629477e-16
NELL2	1.11496153846154	0.547467326732673	-1.02614917276594	3.20185520656469e-11	9.86632276719839e-11
PER3	2.72075897435897	1.04795099009901	-1.37643790987134	2.47490734667521e-14	1.14394154915925e-13
STYXL2	0.0553794871794872	11.2697846534653	7.66889253872977	6.83438716019737e-08	1.47757731955105e-07
ZGRF1	0.306658974358974	0.777134158415842	1.34152850382743	2.56011160055614e-15	1.39775220607545e-14
ZEB1	5.48704102564103	2.06581311881188	-1.40931861411352	7.22291374022324e-09	1.73328623235151e-08
DIAPH3	0.846374358974359	3.09886856435644	1.87237373906088	6.22872249082369e-21	1.35121753234269e-19
NHS	0.570061538461539	1.43411732673267	1.33097348482077	3.8060166070679e-07	7.69240872012357e-07
KCNMA1	2.33331282051282	0.333336633663366	-2.80732795492992	3.89511234208122e-20	6.15276483550111e-19
ABCC1	5.08399743589744	11.6771178217822	1.19964902037733	2.96286012499142e-18	2.70819450200085e-17
MMS22L	0.339097435897436	0.95835297029703	1.49885723642373	1.43670012422728e-19	1.90041553017706e-18
LINGO1	0.579761538461538	1.17768663366337	1.02242417587166	0.029062546549564	0.0354192983042252
ACE	10.7755179487179	3.8162099009901	-1.49754478682105	0.0271863896090792	0.0333576590452276
CASP5	17.0590153846154	4.10770346534653	-2.0541304367875	3.61583938652086e-17	2.67407758266793e-16
CR2	5.73944615384615	1.00665569306931	-2.51134120412668	8.1728081437511e-14	3.56492194366838e-13
EFEMP1	19.9514256410256	7.90285371287129	-1.33604623049164	1.68733376420662e-15	9.3377280080414e-15
KCNH8	0.141497435897436	0.997999752475248	2.8182635478076	4.45658693552938e-16	2.67559665834181e-15
SLC3A2	18.2751051282051	43.8642089108911	1.26316454449155	1.36721155741984e-21	3.97223786414657e-20
POLD1	4.48595384615385	9.65904257425743	1.10646541571557	5.4027286076733e-17	3.87235217827509e-16
ARHGEF26	3.15241794871795	1.01845767326733	-1.63007279684267	3.69744461384891e-08	8.20701553442316e-08
CSF1R	16.0480897435897	6.35380099009901	-1.33670977022353	7.46048719886892e-15	3.80508234249521e-14
F5	0.209705128205128	1.10338589108911	2.3955033909052	0.0226729085308226	0.0280310198933498
NAALADL1	11.8945794871795	1.2518547029703	-3.24816523850376	2.78073102661068e-22	1.16006394366553e-20
SGO2	1.17611282051282	2.57771881188119	1.13206843754907	3.38738487710053e-14	1.53946234498396e-13
SRCIN1	0.294823076923077	1.24478168316832	2.07797137729596	9.50199583454931e-16	5.4244727097585e-15
PLK1	4.78833333333333	14.5548066831683	1.60390018557409	4.67495063226924e-20	7.10854642869351e-19
DHX34	2.9570641025641	8.03934158415842	1.44291183242456	2.59853721634434e-21	6.40578795604885e-20
KNTC1	1.29244615384615	3.34833688118812	1.37334051096058	1.07701951293451e-18	1.07473914217121e-17
EDNRB	4.41694615384615	1.83890148514851	-1.26420505206001	3.73210570026653e-18	3.33633844743607e-17
ATP2B4	24.5093666666667	6.61268069306931	-1.89002605991918	6.42485925704781e-11	1.9040520967608e-10
NAP1L3	1.5112358974359	0.404189356435644	-1.9026256399056	2.77813819645401e-17	2.09260687297716e-16
PLCL2	6.39512051282051	1.21689133663366	-2.39377119912408	4.35262638645196e-23	3.06408856434743e-21
JCAD	4.82458205128205	1.98741955445545	-1.27950750350768	0.00113537241713287	0.00160630515015233
PITPNM3	3.45594102564103	1.4633	-1.23985302320026	5.90522619251884e-17	4.15922208451435e-16
BANK1	1.33377692307692	0.531448762376238	-1.32751488141321	7.1702070649603e-08	1.5431120231072e-07
ZFC3H1	2.67781794871795	5.36498514851485	1.0025162948171	4.4790071328324e-12	1.5118972209789e-11
KIT	4.91697948717949	1.60216955445545	-1.61774550308031	5.90959526545331e-18	5.03398507690709e-17
LARGE1	3.84394358974359	1.80228910891089	-1.09275670917267	4.56258334138797e-21	1.03101709672753e-19
CEMIP	0.526664102564103	21.585445049505	5.35703189970075	8.05319913042374e-25	4.56979112680527e-22
LRRC66	7.31165641025641	2.18376806930693	-1.74337863620215	2.9767404521139e-19	3.48428540689879e-18
ITGA7	7.68224871794872	2.22895371287129	-1.7851620153775	2.10529994236303e-11	6.5871596273551e-11
ALPK3	0.65341282051282	2.66406658415842	2.0275634736909	6.16477396701816e-05	0.000100703687192154
ZFYVE28	3.08869487179487	1.34561212871287	-1.1987347414753	1.08332648626969e-18	1.07473914217121e-17
KIF13B	15.4360205128205	6.9821599009901	-1.14455556411362	9.70716350304401e-16	5.50298084301484e-15
COL9A1	0.277625641025641	0.847810148514851	1.61060041704615	0.00250430640831062	0.00340393193510558
ATAD2	2.53262307692308	8.86809108910891	1.80799120817289	1.03538743274838e-20	2.0543601866849e-19
SLC4A11	0.129771794871795	2.42508935643564	4.22398914543959	9.1171528088327e-22	2.96672152399416e-20
VARS1	13.4426820512821	31.1619836633663	1.21296606341836	4.39507191006512e-21	1.00715239403887e-19
CEP250	1.84189487179487	4.13960272277228	1.1683015987304	8.71157684470992e-15	4.40178121936119e-14
ITGA8	2.26592051282051	0.63602797029703	-1.83293513641416	1.00246103649118e-22	5.4366803545705e-21
TICRR	0.555123076923077	1.83947475247525	1.72841430140316	8.36053440092993e-20	1.21451691699223e-18
PTK2B	16.3910256410256	7.53704975247525	-1.12083431036472	5.38286267340596e-19	5.75447327856285e-18
CPED1	4.89846666666667	1.2286547029703	-1.99525070052719	7.95549978569606e-18	6.53717078349873e-17
MCM4	9.6740641025641	25.5305849009901	1.40003258744507	1.75890269113761e-20	3.04439859412861e-19
CLCA4	302.178630769231	8.62191584158416	-5.13124935005502	2.47383264268153e-23	2.2049630668218e-21
CNTNAP1	2.44451282051282	1.21485495049505	-1.00876290045172	0.00179809238549595	0.00248555336550715
CSPG4	5.67870769230769	2.53834257425743	-1.1616758637264	0.00377434246133591	0.00502936542554752
EHD2	28.8875153846154	12.8979690594059	-1.16330220920934	3.5863851249154e-09	8.8009782778844e-09
ROR1	1.22708717948718	0.451090099009901	-1.44375022441846	1.58790661083717e-13	6.54056722995462e-13
PCSK5	5.80751025641026	1.02456311881188	-2.50291093176086	1.42188551549259e-23	1.6524340955046e-21
CARMIL3	0.155592307692308	0.566910148514851	1.86534935884837	1.46403240210443e-14	7.04728023143168e-14
KCNQ1	16.0653794871795	36.473929950495	1.18291059414629	3.3289045736196e-12	1.15729225241006e-11
LZTS1	0.340428205128205	1.07475396039604	1.65858394943201	6.6570622742081e-15	3.42754440510651e-14
ADAM12	0.145871794871795	2.36907400990099	4.02155040692241	1.03538428609772e-20	2.0543601866849e-19
E2F7	0.382274358974359	1.54869158415842	2.01836952582268	1.26152152329353e-20	2.41470060988067e-19
NEXN	7.90279230769231	2.09732524752475	-1.91381188534924	9.37900491438895e-10	2.4260160565518e-09
SLC9A3	40.7443974358974	4.15747004950495	-3.29282391953736	2.73909041176035e-14	1.25889833331471e-13
ADAMTS4	0.962515384615385	2.18197425742574	1.18075257539872	7.50787811840847e-10	1.96072515227136e-09
CLCN2	8.16322564102564	3.56873341584158	-1.19372719943985	2.06269723035642e-15	1.13378661952361e-14
SLC39A10	1.60777179487179	6.90640396039604	2.10287207419176	4.40775983541012e-24	9.77857856072332e-22
ARHGAP39	2.44201282051282	5.86648613861386	1.26442585352127	1.60192558741716e-18	1.57008007875164e-17
PPARGC1A	4.06612820512821	1.26973836633663	-1.6791244484328	8.56480763370606e-20	1.23318070973803e-18
WNT9A	1.70237435897436	0.573447772277228	-1.56981432490525	9.26778567912472e-15	4.63959609228798e-14
ATG9B	0.0644923076923077	0.886419059405941	3.78078990320204	1.15793445459889e-23	1.56996613136033e-21
SLCO1B3	0.0123692307692308	1.20583762376238	6.60713605573587	1.02741115995572e-13	4.39894199275778e-13
NOD2	0.343364102564103	1.03777054455446	1.59567636904289	1.55086952182646e-11	4.89954313011971e-11
ARHGAP30	6.21643846153846	3.09547178217822	-1.00592895639432	3.97112308929719e-12	1.3516772523612e-11
FGFR2	9.75625897435897	2.16030668316832	-2.17509191821992	6.63528165229771e-22	2.29693686133795e-20
POP1	1.27247179487179	3.94251113861386	1.63148115258512	6.03454808882014e-23	3.6363739779668e-21
PSD	7.90937692307692	0.81059702970297	-3.28650725400583	3.67215860946517e-14	1.65501442038776e-13
MYO1A	62.2413538461538	16.8756316831683	-1.88293193585738	1.89341457094788e-20	3.24272158624442e-19
NCAPG	1.92264358974359	5.1283198019802	1.41539488349359	1.29751050660114e-17	1.03992590849264e-16
PASK	0.899115384615385	2.09828440594059	1.22263206151558	6.2747655582246e-19	6.5025755179818e-18
MCM7	24.8746282051282	66.8192606435644	1.42558905709812	1.99582020446661e-21	5.32327782404455e-20
RTKN2	0.454141025641026	1.01838712871287	1.16507381420088	1.11464151736984e-11	3.58403507660223e-11
IQGAP2	17.6028256410256	5.92849133663366	-1.57007010755995	4.61851074948839e-20	7.08897829190341e-19
SPTBN5	0.0764128205128205	0.769848267326733	3.33268750843082	2.20710166400226e-20	3.74057750763716e-19
EVPL	5.65484102564103	20.4341767326733	1.85342574869764	8.1284537812997e-19	8.3176064793551e-18
HSPA2	12.9976615384615	3.54022425742574	-1.87633942892036	4.89746344726679e-19	5.27693578059806e-18
ARHGAP33	0.830315384615385	1.79342301980198	1.11098448611856	1.07000173719044e-11	3.45415243335088e-11
TOP2A	10.4123743589744	31.1562621287129	1.58122307373184	1.77885093641493e-18	1.72273242473041e-17
CILP	6.39590512820513	1.03129405940594	-2.63269278304276	5.84605326343434e-19	6.09713375615876e-18
CCDC88B	3.39153333333333	9.22107103960396	1.44299665906661	0.000598919992632702	0.00087237495793501
DNMT3B	0.488764102564103	1.70605940594059	1.80345764801596	1.2896332836992e-19	1.77816385811746e-18
IRAG1	7.95552564102564	2.91965074257426	-1.44616145619782	3.66578886101777e-10	1.00239302132368e-09
ADAM8	1.93399487179487	4.07463762376238	1.07508779020136	0.000224151156267902	0.000344050878535733
DNAI4	2.12747179487179	0.479637871287129	-2.14912252459486	2.58054951712087e-19	3.04243048141714e-18
ARHGEF6	4.45345897435897	2.03022772277228	-1.13328474588226	1.70251835873854e-17	1.34465891731437e-16
MGAT5	11.5158282051282	25.7076826732673	1.158581397638	3.82244083862391e-13	1.5168564010832e-12
SPINK5	3.12274102564103	1.03597376237624	-1.59182546408028	1.34433170811339e-09	3.42825656598822e-09
MYOCD	3.38112307692308	0.532665841584158	-2.6661998601542	1.02770939503899e-18	1.03215011464718e-17
APOBR	42.2314282051282	12.8855844059406	-1.71255906789545	6.45385577296077e-17	4.50661946034643e-16
COLEC12	3.0203641025641	0.882745792079208	-1.77465253181239	3.55723987408059e-19	4.04729319939099e-18
WNT5A	1.38751538461538	3.83172178217822	1.46548904411392	5.64091100401869e-12	1.88455076048017e-11
NAA15	3.59315384615385	7.33802202970297	1.03014052798493	6.67226656867624e-17	4.59990580815095e-16
PPP1R16B	4.05141794871795	1.27495346534653	-1.66798233172879	1.36674797510929e-20	2.48608285681996e-19
RTN1	1.47338717948718	0.473453217821782	-1.63784281000134	3.13902752174021e-18	2.85318311612923e-17
WDR72	0.270694871794872	2.23893737623762	3.04807471448488	9.47778010155627e-09	2.24461317372619e-08
PDCD11	5.33247692307692	11.3014103960396	1.08362510740793	6.25788888276905e-18	5.27543275246904e-17
GFRA1	2.45100256410256	0.331653712871287	-2.88562241138886	2.54130048159024e-22	1.11748537393171e-20
EPHA10	5.13733333333333	2.2109047029703	-1.21638284353019	1.26601880607547e-16	8.20642469117446e-16
MET	6.68228974358974	28.3463487623762	2.08474847212209	1.92695690577308e-23	2.0901059237952e-21
CPXM2	9.31933846153846	1.97956113861386	-2.23504692240221	9.98357123851256e-13	3.76001629746758e-12
LEPR	1.30873076923077	0.575571782178218	-1.18510056828344	2.16861120617665e-14	1.01391089321097e-13
WDR3	2.5337641025641	5.51187945544554	1.12126212316569	2.05735697343877e-19	2.51678180134201e-18
CLIP4	1.79475384615385	0.547105445544554	-1.713895168707	2.30836246425512e-17	1.75503796530379e-16
CCDC80	11.6190820512821	3.54180099009901	-1.71394103918351	9.60407250079144e-16	5.46357551006562e-15
PHLPP2	8.69394871794872	1.60402128712871	-2.43831829770085	8.83244817177241e-22	2.93273330111708e-20
CP	1.93962820512821	0.422968564356436	-2.19715778873525	2.4791659097855e-20	4.11592136247042e-19
CASD1	8.9417358974359	4.03396163366337	-1.14835757237332	2.37408638210589e-19	2.81944419247174e-18
ZZEF1	13.8143948717949	4.53768712871287	-1.60614332302355	5.78090438814442e-21	1.27101776209608e-19
STON1	1.85159743589744	0.667340099009901	-1.47227636992753	3.19748366853898e-08	7.18550542639906e-08
CLSPN	0.558033333333333	1.55221262376238	1.47590298589454	9.29947244222205e-17	6.20091871454724e-16
STRIP2	0.257984615384615	1.49797772277228	2.53765922899751	2.2070581624357e-21	5.69981528616331e-20
SLC4A4	33.0051615384615	1.35873292079208	-4.60235785325559	1.34843609070058e-24	4.56979112680527e-22
SYNPO2	26.9662461538462	2.54706163366337	-3.40424892925421	1.28287949530767e-17	1.03328957369583e-16
NAA16	1.55328205128205	3.40094975247525	1.13061786706846	9.96128917231754e-15	4.95627445974331e-14
MASTL	1.73872051282051	3.84472772277228	1.14485538441086	1.54388189494103e-19	1.99356812941989e-18
SCUBE3	0.277433333333333	0.698019306930693	1.33112580492601	9.71076645201298e-05	0.00015705185902013
KIF20B	1.74225641025641	3.9466900990099	1.17968627778487	1.87648993304839e-13	7.67097769112998e-13
MEIS1	2.18709743589744	0.698843564356436	-1.64597604377116	1.07053515381851e-14	5.26226026555672e-14
INHBA	0.125625641025641	5.25850940594059	5.38745104345882	1.36686308640426e-24	4.56979112680527e-22
LOXL4	1.59761025641026	0.510746287128713	-1.64523678336843	3.22561005978915e-13	1.28629107041102e-12
NOM1	2.31595128205128	4.85330618811881	1.06736297516779	9.47093286332106e-22	3.02141328796537e-20
IL16	2.00674871794872	0.611112376237624	-1.71535037204119	1.75886571839378e-20	3.04439859412861e-19
PLCG1	4.77480512820513	10.938776980198	1.19593768587714	1.20136902118656e-15	6.71694771259288e-15
ADAMTSL4	2.36114615384615	1.0689202970297	-1.14333306252159	4.0903731256835e-13	1.61138912239396e-12
ITIH5	4.98840256410256	1.4206995049505	-1.81197645588278	2.47637367565512e-18	2.31555170706372e-17
SLCO2A1	20.7431846153846	5.14117945544554	-2.01246612608767	1.17472200376216e-21	3.53939388911303e-20
LGR4	26.1827974358974	12.0837022277228	-1.11555670863668	2.34594108365233e-19	2.80650451698702e-18
UTP4	5.25739743589744	13.3240485148515	1.34161180671985	2.57494150397137e-23	2.2049630668218e-21
KIFC3	0.858425641025641	1.99284554455446	1.2150648235634	4.02669809369707e-12	1.36773231700316e-11
WDR35	0.947482051282051	2.13179331683168	1.16989705284151	2.75254295566319e-11	8.56288219668071e-11
ZNF761	1.92666666666667	3.97478341584158	1.04476925873077	8.79986598544271e-17	5.91628786710794e-16
CBX8	1.28042307692308	4.57371658415842	1.83674638642516	1.29604146752395e-23	1.62204574435497e-21
GPSM2	1.18861025641026	3.69284356435644	1.63545641362354	5.14988565954593e-18	4.48067591876002e-17
TIMELESS	4.52894871794872	10.1611388613861	1.16581399985277	1.2985775136126e-18	1.28047613008952e-17
ANPEP	377.014584615385	25.2109628712871	-3.9024972099069	2.26327689790421e-21	5.75367423889086e-20
UGT2B15	17.8509974358974	1.9880797029703	-3.16655718657769	6.96771691019252e-12	2.30416166928521e-11
CD22	2.58362820512821	0.519410396039604	-2.31445168006456	1.30797180536511e-14	6.3524481412807e-14
KIF18B	1.54531025641026	5.85556485148515	1.92191182437455	1.77185682699825e-22	8.73579108341258e-21
DGKH	1.00724615384615	2.32683292079208	1.20795132455515	5.69923250537603e-07	1.13081113246912e-06
SI	22.3708102564103	2.39011188118812	-3.22646745334818	1.69717282010675e-18	1.65347316066688e-17
ENPP2	7.12554358974359	2.70498267326733	-1.39738072501131	3.95785260785103e-19	4.41056588559837e-18
SCARA5	22.6025717948718	0.897555693069307	-4.65434166581599	5.886210206787e-25	4.56979112680527e-22
PROX1	1.26398717948718	5.37685668316832	2.08878118751248	1.14671029233568e-13	4.82092414891512e-13
DDR2	7.31057179487179	2.18447722772277	-1.74269618432951	5.35276331551474e-15	2.79132881869951e-14
THRB	3.10928461538462	0.726202722772277	-2.09813843867219	3.15898278394248e-19	3.64515247480455e-18
DZIP1	1.121	0.516058910891089	-1.11917860660856	1.2114076974913e-10	3.48842535189088e-10
FOXN3	8.10941025641026	3.82787178217822	-1.08305449428595	1.6391842373973e-19	2.08355683925422e-18
B4GALNT4	0.467115384615385	3.15578465346535	2.75614789440523	0.00357450875890179	0.0047826692029056
ZNF117	0.510584615384615	1.19441831683168	1.22608622186822	9.89354522783688e-07	1.91402005219691e-06
CCDC18	0.475610256410256	1.04058143564356	1.12953814257415	2.35204714538359e-10	6.6092931011038e-10
SPARCL1	87.8888179487179	20.999777970297	-2.06530554923801	4.53870704407842e-18	3.97014858102989e-17
TUSC3	2.98717692307692	1.2915896039604	-1.20963495360674	3.28572027324033e-10	9.0149525877943e-10
TSHZ1	7.28331794871795	3.42018168316832	-1.09052286205583	3.77456287657361e-19	4.26473180568421e-18
DNMT1	3.86883076923077	8.16007277227723	1.07668439468535	9.43913726842289e-18	7.67873816786202e-17
TARBP2	4.62857948717949	9.27762153465346	1.00318549725909	5.45400149614291e-18	4.69505843080662e-17
ADA2	8.60325128205128	3.47509183168317	-1.30783087378817	8.98545622788817e-15	4.52611061386194e-14
ADAMTSL2	0.805058974358974	2.46024752475248	1.61163709556142	1.00595025464875e-10	2.91743505225226e-10
MACC1	1.53098717948718	8.82588663366337	2.52727901463565	1.37521485626181e-20	2.48608285681996e-19
PCDHB14	0.783905128205128	1.72047821782178	1.13405865845107	3.67007272805386e-08	8.15738842697217e-08
FZD3	0.460884615384615	1.42688069306931	1.63038719509563	1.59573532951217e-13	6.55621560887955e-13
ITGA11	0.83165641025641	3.04608217821782	1.87289534095539	4.95628968859511e-10	1.33287327658583e-09
DNA2	0.982794871794872	2.95114554455446	1.58631283846141	3.86514531503286e-19	4.33695960521273e-18
LZTS3	1.77456153846154	9.20207945544554	2.37449730823846	2.87142538645457e-20	4.62555356808078e-19
BRIP1	0.524266666666667	1.27110173267327	1.27770677504372	1.52521789628731e-14	7.29861622723369e-14
INPP5D	3.92992051282051	8.87860816831683	1.1758334013963	7.09674451437369e-12	2.3326067323002e-11
NEDD4L	4.30210769230769	2.0230646039604	-1.08850124817018	9.4320507471984e-20	1.33443013614711e-18
ENOX2	2.84635641025641	5.77742252475247	1.02130968614939	3.6883189929563e-16	2.23081598570257e-15
ENC1	5.21681794871795	24.3430655940594	2.22226886870307	1.40436113300715e-24	4.56979112680527e-22
LAMC2	15.1732974358974	31.7455150990099	1.06501814335795	4.56165950449963e-11	1.37952044866559e-10
TRPM4	39.1859641025641	19.3462225247525	-1.01828509414223	1.59707703581972e-14	7.59779045987919e-14
MYBBP1A	7.06791794871795	15.641975	1.1460654860132	6.55103636672743e-18	5.46591598393104e-17
C20orf194	2.00410512820513	0.644237871287129	-1.6372928125276	2.44113086265487e-16	1.50443936118919e-15
ARNTL2	0.760705128205128	4.25608514851485	2.4841177781617	2.31753609628133e-23	2.2049630668218e-21
ZNF749	0.564279487179487	1.27239554455446	1.17306541477026	3.04829784751973e-19	3.542557569939e-18
WDR62	0.506274358974359	1.95447599009901	1.94879053809252	1.57743397115617e-22	8.27898410022932e-21
MIER3	21.5321076923077	6.39592722772277	-1.75126411692029	3.55418160009319e-21	8.50390215198768e-20
FADS2	1.36644358974359	5.26965891089109	1.94728368061014	5.87607466051483e-07	1.16164926763762e-06
RGL2	5.96539487179487	11.9350866336634	1.00051949502876	3.36216812719713e-17	2.50928786373841e-16
PUS7	2.46892307692308	9.10488193069307	1.8827584210891	4.52698300935559e-23	3.06408856434743e-21
OLFM1	2.58999743589744	0.774237376237624	-1.74210280924814	3.94292185122295e-20	6.16839793455744e-19
IQGAP3	2.86904871794872	12.0770049504951	2.07361834520671	4.70818771411714e-23	3.06408856434743e-21
RPS6KA6	1.9891	0.99252896039604	-1.00293470453626	1.89940689837008e-12	6.85218408791157e-12
SHROOM4	0.690725641025641	3.29117747524752	2.25241913994319	4.22807969115089e-17	3.0847917746648e-16
CIT	0.583471794871795	1.28918168316832	1.14372077308853	9.09631103786561e-17	6.09041072370673e-16
ITGB3	2.22943333333333	0.902584653465347	-1.30454290553053	1.71612836913015e-07	3.57966776483943e-07
MAN1A1	29.9937794871795	12.1435304455446	-1.30447541408146	2.54094965922015e-20	4.17588393490019e-19
NUP155	2.73147435897436	6.22096584158416	1.18745870448274	3.73644664660835e-21	8.81043288990114e-20
SRPK1	7.12071538461538	15.1258264851485	1.08691988001403	3.86672564958334e-17	2.84667992392402e-16
TEX10	2.40217948717949	5.41423415841584	1.17241333250189	4.58353247027116e-22	1.73428077421655e-20
CYP4F12	10.9507153846154	5.09662004950495	-1.10341241063125	8.25055066365181e-13	3.15850492464976e-12
KLHL6	1.64929743589744	0.611053712871287	-1.43248049268403	1.06200642781968e-12	3.99049528420928e-12
PIWIL1	0.0469128205128205	1.8659	5.31374561727117	5.79430830044222e-16	3.40879421493985e-15
ADAMDEC1	124.659351282051	11.3074851485149	-3.46264110398612	5.41126265080385e-22	2.00093734837679e-20
RANBP17	0.192097435897436	0.609330198019802	1.66538597903835	5.08272383469329e-13	1.97837121508277e-12
CEL	0.288933333333333	21.6695878712871	6.22879125248461	1.0130518659757e-15	5.72303953452244e-15
SEMA6A	10.4643205128205	2.34949455445545	-2.15505630604306	5.72756270448429e-23	3.58413250776767e-21
PDE2A	2.64755641025641	0.460559158415842	-2.52320303714748	2.62443198390741e-22	1.12367127310983e-20
APBA1	1.13311025641026	0.449690099009901	-1.33328522317608	9.5069231356685e-17	6.28770891940352e-16
TP73	0.160412820512821	0.872346534653465	2.44311190171864	1.5889142311694e-14	7.58112449886397e-14
ZNF572	0.581346153846154	1.32906534653465	1.19294268404427	2.77502177832421e-10	7.69158506530407e-10
KCND3	1.47337435897436	0.709180198019802	-1.05489988236932	1.50645930531475e-09	3.82372744110312e-09
CPQ	11.7154307692308	5.55766485148515	-1.07585925996368	2.11854984663372e-16	1.31560328262331e-15
HK2	64.9177128205128	28.8272433168317	-1.17117928996938	1.58825279759837e-12	5.76805201270658e-12
KIF4A	3.11102307692308	9.03534133663366	1.53819000765001	2.44045749887755e-21	6.10865284719042e-20
GPR162	1.04631794871795	0.474270297029703	-1.14153989345037	5.46980718268825e-16	3.24794754972036e-15
MCM10	0.791274358974359	2.98539752475248	1.91567313538003	6.93752686437827e-22	2.35153254340488e-20
HROB	0.922720512820513	2.87411559405941	1.63915245228877	4.19109288798272e-22	1.66314832408485e-20
COL28A1	1.27853333333333	0.57194801980198	-1.16053383234305	2.22807158827404e-12	7.96719225081728e-12
JAG2	1.9137	8.13166930693069	2.08718686150639	8.32161804411051e-19	8.40948606072534e-18
FGFR1	4.37023846153846	2.05136212871287	-1.09112980786522	1.53111802019002e-09	3.87422864517755e-09
CEP83	1.07106666666667	2.30865222772277	1.10800258292578	8.72340854204417e-16	5.03297365173967e-15
ZC3H12C	3.06243333333333	1.25714504950495	-1.28452732052583	4.53869513370086e-18	3.97014858102989e-17
RASGRP2	1.66850512820513	0.587859405940594	-1.5050130581517	5.97108213018848e-17	4.18747871802442e-16
CD180	1.86062564102564	0.592069801980198	-1.65194863619442	7.09171125754968e-17	4.84798916640056e-16
SLC12A2	19.389	60.0174643564356	1.63014397117549	2.20678168702862e-17	1.70162739563771e-16
EBF1	1.23993333333333	0.503461881188119	-1.3003080981477	2.65607619253219e-15	1.44529630944812e-14
MYOM1	2.68874102564103	0.325374752475247	-3.04675659006337	1.85052581126694e-21	5.10306016090053e-20
RTL5	1.48237179487179	0.508560643564356	-1.54341561220747	8.81533086774979e-18	7.20730820192407e-17
