gene	conMean	treatMean	logFC	pValue	fdr
SYNE1	1.0225641025641	0.387902564102564	-1.39842506828577	4.35654813838404e-10	1.97284334396741e-09
SOX9	18.5973615384615	76.743158974359	2.04494019521049	1.43292716660619e-20	1.71030092528496e-18
AMER1	1.10682820512821	2.25128461538462	1.02431714544682	1.70420524515601e-05	3.72251890804666e-05
SDK1	1.08603076923077	0.520771794871795	-1.06034175888622	4.51084298032014e-07	1.2356751836254e-06
RNF43	3.6393358974359	22.4285076923077	2.62358651424019	3.31263367541574e-19	2.12900418139219e-17
DMD	2.60230256410256	0.909174358974359	-1.51715980866795	3.51938518209691e-07	9.86726952899989e-07
DST	4.41170256410256	1.92744102564103	-1.1946488097229	6.11777934575893e-12	4.15561353120454e-11
NBEA	0.968133333333333	0.220741025641026	-2.13285096670784	1.00791765171206e-10	5.39817434618863e-10
CUBN	1.98267435897436	0.0577435897435897	-5.10164313543976	3.75114818371892e-05	7.87458368717879e-05
ANK3	2.43526923076923	0.766394871794872	-1.66792146536329	3.22004453541965e-18	1.34517360467156e-16
ANK2	1.67689230769231	0.226851282051282	-2.88597132181359	5.96362241708163e-18	2.26482114975986e-16
PCDH17	0.416789743589744	0.937	1.1687292718378	0.000185823370116593	0.000353254666057824
CACNA1H	7.16947179487179	2.97409230769231	-1.26941740803939	0.00052074113817551	0.000921778010478048
GLI3	1.01127692307692	0.38034358974359	-1.41080291643354	2.49460423109318e-06	6.09427437157413e-06
TSHZ3	1.74294871794872	0.841051282051282	-1.05126444747225	4.32730133009987e-05	8.97136541265122e-05
MXRA5	4.6236641025641	9.71185641025641	1.07071049799256	0.0239585697615879	0.0326281744674926
COL12A1	5.02058974358974	18.9236282051282	1.91425997601208	2.62003161033186e-09	1.02771662461609e-08
LAMA1	1.13305641025641	0.193825641025641	-2.54738834748306	2.91798363566596e-15	4.68841409153637e-14
FCGBP	314.89368974359	55.4080384615385	-2.50669764792205	1.28946422040268e-13	1.3218985964987e-12
COL11A1	0.051925641025641	4.54724871794872	6.45240298483108	3.07749606606007e-14	3.59615099747299e-13
PRKDC	8.03197692307692	21.4995205128205	1.4204774555065	8.50237547583077e-10	3.65230576352525e-09
APOB	12.6111205128205	0.159817948717949	-6.30212321376889	0.000407106934285912	0.00073977852229669
AKAP9	7.03472307692308	3.08581282051282	-1.18884307919405	2.1644014324534e-12	1.60742879716873e-11
VCAN	2.57269487179487	6.82935384615385	1.40846872564758	1.3908353703616e-05	3.07418770353735e-05
CHD7	1.83688717948718	4.24883076923077	1.20980286260341	6.10081719993145e-10	2.70410226553991e-09
TNXB	7.12814871794872	0.505476923076923	-3.81781030251645	8.62107770185837e-19	4.96752442751908e-17
SCN9A	1.14158717948718	0.120364102564103	-3.24556394649457	1.76675972920246e-13	1.73904770164225e-12
CELSR1	0.5462	2.79324358974359	2.35444017265884	2.40642418262114e-12	1.77142502606164e-11
MAP1B	2.81841794871795	1.13973846153846	-1.306182763836	4.51084298032014e-07	1.2356751836254e-06
DOCK2	2.27252307692308	0.979766666666667	-1.21378483009151	2.06811722985815e-09	8.24778971621234e-09
NFASC	1.44661282051282	0.635248717948718	-1.18728537885812	6.1410128186322e-07	1.64978013182225e-06
COL5A1	7.98775128205128	25.1732641025641	1.65603097953098	2.12970072570394e-08	7.21851909259895e-08
LAMA2	2.06715384615385	1.0287641025641	-1.00673355648257	1.44003755671314e-07	4.25141829905946e-07
ADAMTS2	1.16725384615385	6.20931794871795	2.41131646459231	2.83994356479603e-10	1.39165562955254e-09
SPEG	2.31863076923077	0.441287179487179	-2.39348335696427	2.82842274863453e-08	9.35899883756099e-08
FLNC	46.0155025641026	5.98708461538462	-2.94219442009344	6.69516639310446e-06	1.55168142064876e-05
COL7A1	0.405812820512821	3.40634871794872	3.06933978670372	2.24756952568032e-14	2.70193430029627e-13
FNDC1	3.21838717948718	7.04605641025641	1.13047812891745	0.0048708442904138	0.00741273297748767
COL27A1	0.483112820512821	1.69578974358974	1.81152526148011	5.76175312131868e-05	0.000116701690493618
ASPM	1.05518974358974	2.46332820512821	1.22310641340147	1.08720565102233e-09	4.58911141060493e-09
AKAP12	8.88307948717949	3.65049487179487	-1.28296784753173	7.42088903867105e-08	2.30061328081991e-07
BNC2	0.942341025641026	0.371576923076923	-1.34258834867876	2.41118481273126e-07	6.88733302918621e-07
TNS1	32.1783384615385	7.00478205128205	-2.19967776592357	1.34893792861886e-07	3.99658737362077e-07
SVIL	18.4836179487179	6.09045897435897	-1.60162431660043	3.03459126967475e-08	9.96228293050394e-08
SCN7A	2.84956666666667	0.219341025641026	-3.69949496078651	8.81511696198529e-13	7.29210913043437e-12
FASN	15.2323769230769	48.2486461538462	1.66334737775944	7.75254189388658e-15	1.07061962848632e-13
GALNT17	0.988333333333333	0.372484615384615	-1.4078168593135	3.30603895107134e-07	9.34753145049105e-07
SFMBT2	0.9666	0.437779487179487	-1.14271463832295	3.09563626022369e-10	1.48217999737358e-09
MIDEAS	6.18411025641026	3.07025897435897	-1.01020569015888	1.45346792990028e-13	1.46309934389359e-12
ADAMTSL3	1.90048205128205	0.345812820512821	-2.45830213909557	1.14323883091282e-13	1.19397005403458e-12
HELZ2	4.23304102564103	10.2188666666667	1.27146882555397	2.83994356479603e-10	1.39165562955254e-09
ITPR1	0.936779487179487	0.433179487179487	-1.11274455819252	6.63162979791293e-10	2.90851795073819e-09
KIF26B	0.110074358974359	0.981028205128205	3.15581617269256	6.76105101475498e-15	9.41476353804631e-14
BRCA2	0.350620512820513	1.33787179487179	1.93195756491257	7.01797642092484e-14	7.66473111069635e-13
MAP1A	3.59028205128205	1.42990769230769	-1.32817516928012	0.00316468143060652	0.00494685001921749
UGGT2	1.40789487179487	3.14562307692308	1.15980619948464	1.53919427963162e-10	7.91382658850596e-10
FLNA	263.448864102564	85.0938923076923	-1.63039546936114	0.00338599295347988	0.00527306078775851
AHNAK	70.4062282051282	24.6440358974359	-1.51446451449811	5.52528172236051e-12	3.78391219592804e-11
COL4A1	11.8106384615385	29.3811102564103	1.31480195733116	3.03459126967475e-08	9.96228293050394e-08
SVEP1	2.43632564102564	0.804117948717949	-1.59922793998433	2.23839961743177e-09	8.86342597329026e-09
SALL1	0.931292307692308	0.419451282051282	-1.15073080626715	1.86641404000326e-07	5.4524088476319e-07
ADAMTSL1	1.33078461538462	0.37534358974359	-1.82599334362591	8.99727546084138e-16	1.65213706539186e-14
HDAC9	0.882328205128205	0.218784615384615	-2.01180411041068	2.7409324776621e-20	2.41057798430177e-18
EPHA3	1.07728974358974	0.514458974358974	-1.06627838483144	5.48080225249105e-05	0.00011155201661282
ACAN	0.119402564102564	1.08405384615385	3.18253069562189	5.6816532137402e-16	1.13024315716189e-14
TRPA1	2.8196641025641	1.09199230769231	-1.36856061574575	4.00173037856466e-10	1.83202505824152e-09
COL5A2	7.55411794871795	27.8858282051282	1.88419690438965	1.48591910262501e-08	5.16210149789271e-08
CALD1	61.5831256410256	24.2292205128205	-1.34578710091929	0.017270634794013	0.0241499838835111
ACACB	4.57545641025641	1.29182564102564	-1.82450430087262	1.35650438438719e-18	6.86884492821513e-17
MGAM	3.80217948717949	0.131733333333333	-4.85113428670914	1.69410886722806e-06	4.24416179480973e-06
PRUNE2	7.58028205128205	3.11635384615385	-1.28239247658566	0.000801018717173114	0.00138418022378105
TIAM1	1.01251538461538	0.454905128205128	-1.15430622559874	1.38661285683519e-09	5.72106193523852e-09
FLNB	60.0648564102564	29.2332358974359	-1.03891159212771	7.10344724508625e-09	2.62607529790689e-08
ACACA	3.62702564102564	7.35491794871795	1.01992230251532	4.21358682133746e-10	1.92374414711882e-09
STAB1	11.9722461538462	4.40837692307692	-1.44137435963853	6.23471338367951e-11	3.49604230339881e-10
BRINP3	2.76830769230769	0.0871435897435897	-4.98946595052336	5.31405610503406e-14	5.95958909497444e-13
SLIT3	4.37096666666667	0.928879487179487	-2.234389037447	6.76105101475498e-15	9.41476353804631e-14
MKI67	7.15181282051282	15.1438025641026	1.08234662381527	3.74576791389191e-07	1.0431963640189e-06
NUP205	6.22203846153846	12.4923102564103	1.00558108735532	5.21263088997147e-13	4.56036974719494e-12
MPDZ	1.43961538461538	0.623541025641026	-1.20712703513059	1.58016939798167e-06	3.97660100004122e-06
PLXNA1	3.31530769230769	9.12958717948718	1.46140685361384	5.66342050150542e-17	1.57726260966926e-15
AXIN2	5.47454615384615	34.979041025641	2.67567946361894	2.18977357680202e-16	5.08209950949469e-15
PLCG2	2.84039743589744	0.748535897435897	-1.92394939935914	5.66342050150542e-17	1.57726260966926e-15
SAMD9	7.53501282051282	3.0113717948718	-1.32318912709543	3.09563626022369e-10	1.48217999737358e-09
CNTN4	1.23594358974359	0.232879487179487	-2.40795742530087	1.21500049250675e-13	1.26103467265763e-12
TRPM6	13.6377564102564	0.926371794871795	-3.87987118297002	8.97910483445883e-13	7.39117447210872e-12
CHL1	1.38421794871795	0.234430769230769	-2.56183727473999	1.90972449586384e-17	6.02103704261977e-16
SPTBN2	0.451448717948718	4.5449358974359	3.33162592650936	2.93933777765372e-22	7.01661918065624e-20
TTK	2.05840512820513	5.15636923076923	1.32482861763574	1.28823456044545e-10	6.74808761913588e-10
COL1A2	53.1164179487179	177.560971794872	1.74108474671489	6.50797942387495e-07	1.73719386857748e-06
COL4A5	0.808430769230769	0.324866666666667	-1.31527651056156	2.91674895765226e-08	9.63218875145637e-08
KIAA1549	0.451815384615385	2.52165384615385	2.48056494542595	7.3483444441343e-23	2.45581671322968e-20
PTPN13	0.894464102564103	2.16681794871795	1.27648245743672	0.020941735089843	0.0289442839827359
UTP20	2.18032051282051	4.4889	1.04182172690711	1.40837207596999e-10	7.28603634348561e-10
BOC	2.04387692307692	0.964669230769231	-1.0832020677142	1.79231761496363e-05	3.9047754036561e-05
THBS2	2.06521538461538	11.9313538461538	2.53039359879856	1.03647790936295e-07	3.13759888866936e-07
SALL2	1.37223333333333	0.356497435897436	-1.94456221169267	1.70491240095192e-10	8.65929672337586e-10
NCAPD3	2.19758205128205	5.23414102564103	1.25203576365807	2.76516731763885e-17	8.40108106868094e-16
PLXNA2	9.48938717948718	4.5785	-1.05143989907865	8.20633940281829e-11	4.52567430432652e-10
LAMC3	0.913679487179487	0.443720512820513	-1.0420369167334	7.85146108186442e-06	1.7874375296724e-05
NUGGC	1.22715384615385	0.211528205128205	-2.53639417856977	1.87245964651747e-11	1.16749256318309e-10
LTBP4	39.7744692307692	18.0559153846154	-1.1393711159228	1.1793712354458e-09	4.93917126423542e-09
CACNA1D	0.400535897435897	1.01289230769231	1.33847733973568	1.5720627514468e-06	3.96815235297221e-06
PTPRC	6.99296666666667	3.29943076923077	-1.08368748180007	3.51938518209691e-07	9.86726952899989e-07
NOTCH3	3.7578358974359	10.1298487179487	1.4306386571092	2.42203933137579e-09	9.5453484026626e-09
ASXL1	3.59483846153846	7.42294871794872	1.04606545904349	4.98796021710792e-12	3.47286730116139e-11
ADCY5	3.89591794871795	0.711428205128205	-2.45317321595843	1.57615227849792e-16	3.87316243730886e-15
CADPS	0.345410256410256	1.8093	2.38904881387297	1.39014887224946e-07	4.1113960451838e-07
SLIT2	1.80718717948718	0.640141025641026	-1.49728426438361	2.18853504216691e-10	1.09821082746574e-09
CELSR3	0.276666666666667	2.1660282051282	2.96883128839882	1.76922866115609e-13	1.73904770164225e-12
TGIF1	5.92	12.5605923076923	1.08523541664024	3.02507679095899e-16	6.73987109025663e-15
SETBP1	1.41800256410256	0.367164102564103	-1.94936322208787	6.76105101475498e-15	9.41476353804631e-14
ABI3BP	4.80213333333333	0.592125641025641	-3.01970022742508	1.07862673923225e-17	3.67833730868794e-16
MUC6	0.0253512820512821	2.35136923076923	6.53529858178331	0.00150685467735838	0.00249549471344485
COL3A1	108.620253846154	286.647576923077	1.39998494379538	0.000162158033156557	0.000310740909867668
ABCB1	21.1042538461538	8.9595717948718	-1.23603213456015	1.32761959938997e-06	3.36639203426501e-06
AMOTL1	4.79231794871795	1.60513076923077	-1.57803278981625	1.18103699726119e-06	3.01760370401139e-06
GRIK5	1.37590769230769	0.294297435897436	-2.225036807138	2.86591264861121e-10	1.40027486427758e-09
DOCK6	3.55065641025641	7.86677692307692	1.14768691344276	7.28463429780366e-18	2.64622258948476e-16
ATAD5	0.608510256410256	1.46501538461538	1.26756233013899	5.34138398648544e-09	2.00571969470049e-08
CD163	10.1596153846154	4.69165128205128	-1.11467809585391	1.3214317103489e-05	2.93631966488432e-05
DAAM2	1.89898974358974	0.595984615384615	-1.67188511866866	2.52814345477208e-15	4.14169383620014e-14
POLQ	0.521525641025641	1.3808	1.40469427932475	1.53919427963162e-10	7.91382658850596e-10
PCDHB4	0.69735641025641	0.331779487179487	-1.07167149619275	5.66499740797081e-09	2.11772050754345e-08
MRC1	7.78861794871795	3.40855128205128	-1.19220866325965	9.69893445149558e-08	2.95746705628633e-07
TLE4	3.2043641025641	1.59408461538462	-1.00730987544161	1.73085737089088e-14	2.19110808087777e-13
DOCK10	1.77920256410256	0.736771794871795	-1.27194103403139	1.65496981019673e-11	1.03964456873637e-10
PLCB4	8.54595641025641	28.5437666666667	1.73986186349168	0.000333350584326315	0.000612792988349034
PCDH7	1.79754871794872	0.703069230769231	-1.35429220909789	4.86554058261624e-09	1.85200872746053e-08
PLXNA3	2.45986923076923	6.45331538461538	1.39145891177149	3.95731551673237e-11	2.32840641847176e-10
CFH	6.91197948717949	3.07738461538462	-1.16739417121894	1.94578226056421e-12	1.46459556639766e-11
LIFR	2.45971025641026	0.247979487179487	-3.31019569095103	1.53359948549083e-19	1.06776864177299e-17
ITGAX	1.2049641025641	2.65130769230769	1.13771394171307	0.000108988282789291	0.000214763467618992
GPRASP1	1.77834102564103	0.687610256410256	-1.37086904143415	3.57798702237677e-09	1.37760744571235e-08
XPO4	2.38787179487179	4.89762564102564	1.03635712287272	2.60453895183274e-10	1.28762857648299e-09
ATP1A2	7.10999487179487	0.485612820512821	-3.87197010392521	7.21523120512087e-13	6.12012758566344e-12
CNTN1	1.03887948717949	0.116176923076923	-3.16063287634131	6.19388577879812e-13	5.39061621686024e-12
SPECC1	3.44320769230769	1.37220512820513	-1.32725704283414	1.33425580191369e-16	3.37809309848148e-15
NOL6	6.37114358974359	16.1991487179487	1.3462937422984	7.12789411081028e-21	9.92559254930332e-19
ZEB2	1.92772564102564	0.827064102564103	-1.22082868143411	3.70702277190667e-10	1.73028912063018e-09
PDGFRA	6.60798461538462	2.93085384615385	-1.17288930142296	5.61080189831317e-10	2.49352392874503e-09
ADAMTS12	0.222753846153846	2.61536153846154	3.5534881461869	1.69195630826192e-18	8.07788283173048e-17
CTTNBP2	0.712023076923077	2.42197692307692	1.7661892135793	4.3462936700785e-06	1.03162737538369e-05
SULF1	6.12576923076923	24.0141871794872	1.97092405372086	3.98593752586885e-07	1.10639561556924e-06
NBEAL2	5.71108461538462	14.0446076923077	1.29817966143731	5.21263088997147e-13	4.56036974719494e-12
SALL4	0.0382512820512821	1.23877435897436	5.01726151350273	5.06982782067436e-14	5.72410965428842e-13
TRPM2	1.60225897435897	5.51979487179487	1.78450730364111	3.09563626022369e-10	1.48217999737358e-09
MYLK	36.8675102564103	5.83976923076923	-2.6583667267762	1.74839459083561e-12	1.35257748207699e-11
FANCA	0.995571794871795	2.89866666666667	1.54179217602344	5.12847542872755e-15	7.65150217982476e-14
CRACD	7.10536153846154	1.62766923076923	-2.12610050928171	2.30040657658069e-17	7.11848035086358e-16
PTPRU	0.86601282051282	2.9831641025641	1.7843830539064	0.000248919441015783	0.000464742330656283
MUC4	11.1214	3.43614615384615	-1.69447510407309	4.86554058261624e-09	1.85200872746053e-08
IGSF9	11.490558974359	3.83514615384615	-1.58309551796292	2.43610260428061e-11	1.48566695319449e-10
COL1A1	47.3987666666667	317.681435897436	2.74465936159923	2.6203465090769e-13	2.48784035037926e-12
SIGLEC1	3.58162051282051	1.26674102564103	-1.49949087807355	2.60453895183274e-10	1.28762857648299e-09
PLCE1	7.74548717948718	1.83502051282051	-2.07755979485618	1.35650438438719e-18	6.86884492821513e-17
CACNA2D1	1.67529230769231	0.578866666666667	-1.53310985305015	3.74576791389191e-07	1.0431963640189e-06
SLC8A2	0.973758974358974	0.210412820512821	-2.21034210827759	0.00831949495674753	0.0122916676151416
MEGF6	0.884374358974359	3.08841538461538	1.80413770252178	2.82842274863453e-08	9.35899883756099e-08
MYH7B	0.200676923076923	1.21693333333333	2.60030350769805	0.00590169068041013	0.00886600515672153
COL5A3	1.29082820512821	3.38377948717949	1.39033854777095	1.03054590302412e-08	3.68745653951457e-08
SGSM1	0.863697435897436	0.277123076923077	-1.63999915298435	6.77084424282503e-12	4.56212932651638e-11
TEK	3.1202641025641	1.54537948717949	-1.01370699217122	6.23471338367951e-11	3.49604230339881e-10
CENPF	2.33458717948718	5.93749230769231	1.34668627572332	3.09563626022369e-10	1.48217999737358e-09
BLM	0.77335641025641	1.8797	1.28129707100485	1.08720565102233e-09	4.58911141060493e-09
KIF21B	1.38786923076923	3.29405128205128	1.24699137599408	1.26333940825036e-07	3.7562992013992e-07
SMCHD1	6.8525358974359	3.18332307692308	-1.106104396531	4.15412030464629e-13	3.7931885404721e-12
EPB41L3	8.2604717948718	1.71229230769231	-2.27029517603196	1.35650438438719e-18	6.86884492821513e-17
ADCY9	6.49956153846154	2.65203076923077	-1.29324488307167	1.89199926029637e-15	3.25931006593323e-14
TBC1D9	5.86400256410256	2.52655128205128	-1.21471627130717	8.15375114965833e-13	6.77856625426819e-12
PIK3CG	2.20639230769231	0.693348717948718	-1.67003629244555	8.96910051205712e-14	9.60728651003042e-13
UNC5C	1.25997692307692	0.237371794871795	-2.40817688496247	1.52275110586765e-13	1.52366293287715e-12
SPART	3.70995897435897	1.61261538461538	-1.20200084242209	5.61080189831317e-10	2.49352392874503e-09
POSTN	13.9006435897436	35.3153820512821	1.34514502381649	0.0288026223139547	0.0384725674553304
PCNX2	0.467379487179487	1.23772820512821	1.4050282232646	1.12773425548351e-16	2.89914452448145e-15
ADAMTS1	10.8289923076923	3.55988974358974	-1.60499453510205	1.67401241424635e-06	4.20011222853701e-06
PDZRN4	2.83311794871795	0.286307692307692	-3.30675232816928	1.23088383526153e-09	5.14201722180504e-09
FCRL5	0.957492307692308	0.382264102564103	-1.32469116998841	1.07820086020718e-06	2.78036055155277e-06
CENPE	0.754948717948718	1.96222820512821	1.37804228157739	1.38171990755138e-08	4.85053354100495e-08
CLCN4	0.415166666666667	1.39135641025641	1.74472950753882	2.28705336626686e-08	7.70497212708049e-08
NUP210	5.75495897435897	15.6906846153846	1.44703075239701	4.17457634201298e-09	1.59627392849055e-08
ESPL1	1.6268	3.68998461538462	1.18157790537174	3.30309133871026e-13	3.06636979276936e-12
ITGAL	2.54421282051282	1.26110512820513	-1.01253080889473	9.25831318313084e-07	2.42867210816509e-06
ZBTB7C	12.3977666666667	2.49341025641026	-2.31388807384794	4.15648080965791e-16	8.90446081145944e-15
SH3BP4	8.17118461538461	17.8691153846154	1.12885106215144	8.88167843394037e-15	1.19687779541245e-13
PPRC1	5.46460769230769	12.9623205128205	1.24613417968449	5.66342050150542e-17	1.57726260966926e-15
BCHE	4.51461025641026	0.182538461538462	-4.6283290636954	8.31448599745893e-14	8.96355232371218e-13
FYB1	2.52171538461538	1.24402820512821	-1.01938625872201	8.24960664063601e-09	3.02304664396991e-08
MMP9	7.48149230769231	26.0205102564103	1.79825127988453	0.000184666767555421	0.000351455772875978
CHRM2	1.67558974358974	0.264961538461538	-2.66081409860908	3.03319371386433e-07	8.60520661437571e-07
HEATR1	2.63843846153846	6.24726153846154	1.24353959410464	1.97313781316901e-14	2.40665203343461e-13
MYH11	221.575930769231	20.2342512820513	-3.45292980181942	2.28570831558502e-09	9.02935838142451e-09
FER1L6	4.13065641025641	0.433007692307692	-3.25390650167908	1.84957964403408e-12	1.417728250083e-11
B2M	895.307279487179	443.193397435897	-1.01444652776186	6.23471338367951e-11	3.49604230339881e-10
NCKAP1L	3.85167948717949	1.76311282051282	-1.12736286127759	3.37328017574918e-10	1.59230259143415e-09
PDE3A	6.33794102564103	1.84383076923077	-1.7813079873692	1.97313781316901e-14	2.40665203343461e-13
ATP8B1	66.9280923076923	23.8886102564103	-1.48628896685011	5.89111035029236e-15	8.63512753977064e-14
CAD	4.91282051282051	15.9749307692308	1.70118624185999	7.12789411081028e-21	9.92559254930332e-19
FAM214A	3.34778717948718	1.52447435897436	-1.13489593293448	7.72825017772383e-16	1.48435701689385e-14
GRM8	0.503851282051282	2.76332051282051	2.45533303523292	6.6040975773724e-05	0.000133117576016759
APBB1	4.27319230769231	1.81962820512821	-1.23167054210134	1.05123035790966e-06	2.71500143441583e-06
SIGLEC8	1.19605384615385	0.310658974358974	-1.94487870413324	3.70702277190667e-10	1.73028912063018e-09
CPSF1	14.1924512820513	30.0410307692308	1.08181052618943	1.97313781316901e-14	2.40665203343461e-13
TRANK1	11.1541974358974	2.39286666666667	-2.22077479730224	5.66342050150542e-17	1.57726260966926e-15
RPGRIP1L	0.327920512820513	0.883335897435897	1.42961599037537	5.6816532137402e-16	1.13024315716189e-14
NCAM1	2.00017435897436	0.306730769230769	-2.70508096719529	1.84957964403408e-12	1.417728250083e-11
CD163L1	8.44524358974359	1.20567948717949	-2.80829259773582	1.63419765958003e-15	2.84452530120649e-14
FBXL7	2.60206923076923	1.16513846153846	-1.15915793638242	1.19386478924238e-08	4.23555851979621e-08
DDX60	14.5274974358974	5.42341025641026	-1.42151398709064	4.30043104533323e-11	2.47793802646615e-10
DPYD	3.84015641025641	1.20214358974359	-1.67555584467625	1.97313781316901e-14	2.40665203343461e-13
ROR2	3.3183	1.56877435897436	-1.08080646245798	0.000425998011844116	0.000767899328793439
SORBS2	4.5740358974359	1.50701282051282	-1.60177599785727	1.99042154167512e-07	5.78433808024196e-07
SIPA1L2	10.2886666666667	4.38528974358974	-1.23031195972723	3.2979234340493e-12	2.38564071787722e-11
CDH11	1.3243358974359	4.0237717948718	1.60327940015166	6.91337613618794e-07	1.83953049738377e-06
CENPJ	1.45468717948718	3.11155641025641	1.09692745667411	4.0117653728844e-08	1.28669096700381e-07
ATP11A	1.64077435897436	7.19781025641026	2.13318121991204	5.39221515310575e-19	3.33718204475545e-17
AGRN	9.14075641025641	19.1425846153846	1.06640017407536	4.05953914545704e-12	2.87436013222827e-11
APLP1	1.20085384615385	0.34995641025641	-1.77881343413273	2.55819946950886e-14	3.03173852024773e-13
NELL2	1.11496153846154	0.526202564102564	-1.08330376036172	3.28766238994547e-06	7.96186065738968e-06
PER3	2.72075897435897	0.84674358974359	-1.68401209230858	1.57025889670088e-12	1.23768991339017e-11
STYXL2	0.0553794871794872	15.9178871794872	8.16708144652989	3.45078847930163e-06	8.32073239381389e-06
ZEB1	5.48704102564103	2.17884102564103	-1.33246742541248	6.01802285291095e-05	0.000121597535516496
DIAPH3	0.846374358974359	2.7375717948718	1.69352897438324	3.75523156713503e-14	4.32758065426389e-13
NHS	0.570061538461539	1.30004102564103	1.18936757884059	0.00181224150907828	0.00294577389267491
KCNMA1	2.33331282051282	0.465782051282051	-2.32465278616922	5.89111035029236e-15	8.63512753977064e-14
ABCC1	5.08399743589744	11.1235666666667	1.12958424095216	8.88167843394037e-15	1.19687779541245e-13
MMS22L	0.339097435897436	0.851997435897436	1.32914921324693	3.65980802195634e-12	2.62469493763478e-11
PDGFRB	7.63027179487179	15.9540974358974	1.06412064122387	5.48080225249105e-05	0.00011155201661282
CASP5	17.0590153846154	3.77371794871795	-2.17647587564595	1.94578226056421e-12	1.46459556639766e-11
CR2	5.73944615384615	0.445079487179487	-3.68877660964508	4.35654813838404e-10	1.97284334396741e-09
ABCA5	3.01782820512821	1.30772051282051	-1.20645644067053	2.387879646715e-10	1.18754371716094e-09
EFEMP1	19.9514256410256	9.14593076923077	-1.12528993504924	1.91026273138234e-09	7.72893226183993e-09
KCNH8	0.141497435897436	0.913846153846154	2.69117539783579	3.98764830426944e-08	1.28669096700381e-07
ADAMTS7	0.599507692307692	1.26956923076923	1.08248889845832	5.11710517021797e-06	1.20432151259637e-05
NBEAL1	1.51518974358974	0.427246153846154	-1.82635906061451	1.58214264888878e-17	5.08415455056375e-16
WDR7	2.79531282051282	1.39448974358974	-1.00327241913797	1.41001326502671e-15	2.50652358070174e-14
SLC3A2	18.2751051282051	41.488682051282	1.18283812326049	1.07862673923225e-17	3.67833730868794e-16
POLD1	4.48595384615385	10.0919692307692	1.16972103041568	2.55819946950886e-14	3.03173852024773e-13
ARHGEF26	3.15241794871795	0.978992307692308	-1.68708939131493	8.72418307420105e-06	1.97535364728861e-05
CSF1R	16.0480897435897	7.59946923076923	-1.07843101374377	2.41118481273126e-07	6.88733302918621e-07
NAALADL1	11.8945794871795	1.3069358974359	-3.18604398190617	8.874595585181e-18	3.15520196230584e-16
SGO2	1.17611282051282	2.41543846153846	1.03825863784274	3.74260515339336e-08	1.21434819637287e-07
SRCIN1	0.294823076923077	1.30626153846154	2.14752242166391	1.2646959438213e-12	1.01601294332952e-11
PLK1	4.78833333333333	15.0015282051282	1.64751398334908	8.99727546084138e-16	1.65213706539186e-14
DHX34	2.9570641025641	8.49570769230769	1.52256861067503	1.99874968880453e-20	2.08744420624523e-18
KNTC1	1.29244615384615	2.91706666666667	1.17441418203893	2.43610260428061e-11	1.48566695319449e-10
EDNRB	4.41694615384615	1.76829743589744	-1.32068828167069	1.07673359104742e-10	5.71181533536584e-10
ATP2B4	24.5093666666667	7.35155897435897	-1.73721107882397	5.76385486386949e-07	1.55345185121386e-06
TLR7	1.35496923076923	0.406230769230769	-1.73788866733623	4.52807836566031e-11	2.60014396873484e-10
NAP1L3	1.5112358974359	0.462733333333333	-1.70747594323402	3.2979234340493e-12	2.38564071787722e-11
PLCL2	6.39512051282051	1.03959487179487	-2.62095012393629	8.90619346629078e-20	6.76465876462359e-18
JCAD	4.82458205128205	2.24467179487179	-1.10389945211807	0.0233270623047956	0.0318460139798313
PITPNM3	3.45594102564103	1.54872564102564	-1.15799700739114	5.18181128416858e-11	2.9552241146231e-10
BANK1	1.33377692307692	0.458982051282051	-1.53900775043872	7.06146902784101e-06	1.62754686145136e-05
HIF3A	1.23924102564103	0.242653846153846	-2.35248517846022	6.83516348682049e-11	3.79453760348074e-10
HPSE2	1.32984102564103	0.175515384615385	-2.92158439157531	3.21033155472068e-13	2.99793147109047e-12
MASP1	2.32082051282051	0.669189743589744	-1.79414771308542	2.56932018861638e-07	7.3140273171686e-07
KIT	4.91697948717949	1.71337692307692	-1.52092977395261	8.98710675977221e-11	4.89167928194768e-10
LARGE1	3.84394358974359	1.7060358974359	-1.17193916122995	7.28463429780366e-18	2.64622258948476e-16
CEMIP	0.526664102564103	25.0090076923077	5.56942087643921	7.3483444441343e-23	2.45581671322968e-20
SLC8A1	1.0599358974359	0.467961538461538	-1.17951515107364	2.41753781077875e-05	5.15926651572323e-05
LRRC66	7.31165641025641	1.76313076923077	-2.05205879525228	5.6816532137402e-16	1.13024315716189e-14
ITGA7	7.68224871794872	2.5983	-1.56396065871469	5.11710517021797e-06	1.20432151259637e-05
ALPK3	0.65341282051282	2.98424102564103	2.19129739414996	0.000184666767555421	0.000351455772875978
ZFYVE28	3.08869487179487	1.26048461538462	-1.29301884625967	1.97313781316901e-14	2.40665203343461e-13
KIF13B	15.4360205128205	6.54326666666667	-1.23821789305214	2.43610260428061e-11	1.48566695319449e-10
ATAD2	2.53262307692308	8.70729743589744	1.78159262491964	2.6203465090769e-13	2.48784035037926e-12
SLC4A11	0.129771794871795	2.56736153846154	4.30623771067269	4.86268536928254e-16	1.01569340650889e-14
ABCB11	1.6200641025641	0.0288	-5.81383827678598	3.93404113993834e-13	3.63192416841821e-12
VARS1	13.4426820512821	33.4923205128205	1.31700932667435	1.69195630826192e-18	8.07788283173048e-17
CEP250	1.84189487179487	4.23246666666667	1.20030798568632	6.93674786727413e-08	2.16255703101027e-07
ITGA8	2.26592051282051	0.630471794871795	-1.8455935172176	2.60653125777888e-18	1.14618782414434e-16
TICRR	0.555123076923077	1.94498205128205	1.80887726829018	4.46045029491408e-15	6.90130781740873e-14
PTK2B	16.3910256410256	6.92974871794872	-1.24203118713985	1.73085737089088e-14	2.19110808087777e-13
CPED1	4.89846666666667	1.17524615384615	-2.05936726386372	2.33181554571666e-13	2.26538591679799e-12
MCM4	9.6740641025641	27.1127692307692	1.48677847142629	1.45346792990028e-13	1.46309934389359e-12
CLCA4	302.178630769231	5.76171025641026	-5.71276071811326	1.31009644128604e-13	1.33486045938352e-12
POLR1A	3.75123076923077	7.56688717948718	1.01233591721206	1.01653193654643e-12	8.20591722690379e-12
ROR1	1.22708717948718	0.482692307692308	-1.34606200925688	3.86529604736067e-09	1.4814013062247e-08
NLGN3	0.716607692307692	0.296776923076923	-1.27180461546153	5.25075030028542e-09	1.97612697112093e-08
PCSK5	5.80751025641026	0.837530769230769	-2.79370569860388	3.30675499986044e-21	6.13954178307422e-19
KCNQ1	16.0653794871795	36.0312615384615	1.16529410503897	9.57113638135421e-09	3.46927741718935e-08
LZTS1	0.340428205128205	1.21625897435897	1.83702797306575	9.83871929371069e-11	5.28633438578475e-10
ADAM12	0.145871794871795	2.43372564102564	4.06039367702275	1.58214264888878e-17	5.08415455056375e-16
E2F7	0.382274358974359	1.42265641025641	1.89590693474075	1.51712198411328e-14	1.95008525804099e-13
EEF1A2	1.09419743589744	0.269761538461538	-2.02011650579792	2.21218755136597e-10	1.10675610728519e-09
PLEKHH2	0.740907692307692	0.344264102564103	-1.1057780575678	2.75465893832711e-08	9.2060701718892e-08
NEXN	7.90279230769231	2.66987948717949	-1.56558787025503	5.48080225249105e-05	0.00011155201661282
SLC9A3	40.7443974358974	3.00973333333333	-3.75889412207545	4.72146451638329e-11	2.70190657769742e-10
ADAMTS4	0.962515384615385	2.38038205128205	1.30631163896499	8.48741770537915e-08	2.60707260766334e-07
CLCN2	8.16322564102564	3.40088461538462	-1.26322927625193	2.94869073207666e-11	1.77239647960435e-10
SLC39A10	1.60777179487179	5.41245897435897	1.75122153775606	7.3483444441343e-23	2.45581671322968e-20
ARHGAP39	2.44201282051282	6.07580512820513	1.3150048239691	1.99434068213805e-19	1.33301731194107e-17
PPARGC1A	4.06612820512821	0.852235897435897	-2.25433097775544	2.7409324776621e-20	2.41057798430177e-18
WNT9A	1.70237435897436	0.694458974358974	-1.2935869527228	4.60645275303145e-08	1.47177486621712e-07
ZNF7	1.05181794871795	2.1586	1.03721090813297	2.33181554571666e-13	2.26538591679799e-12
ATG9B	0.0644923076923077	0.961476923076923	3.89805323234934	4.00947596933291e-13	3.68122766195346e-12
SLCO1B3	0.0123692307692308	1.2871	6.70122455323223	3.64966696705535e-11	2.17031797222402e-10
NOD2	0.343364102564103	0.802697435897436	1.22511707028857	4.11470540265276e-06	9.82238961118966e-06
FGFR2	9.75625897435897	2.23637692307692	-2.12516469101565	6.76105101475498e-15	9.41476353804631e-14
POP1	1.27247179487179	4.26859230769231	1.74612669925779	1.21526707315104e-15	2.18356051530687e-14
PSD	7.90937692307692	1.25533846153846	-2.6554876551768	3.4878579857146e-06	8.39799811834164e-06
MYO1A	62.2413538461538	18.1671230769231	-1.77654346726166	1.51712198411328e-14	1.95008525804099e-13
NCAPG	1.92264358974359	4.63611538461538	1.26982512516993	7.19945533154046e-09	2.65569312560797e-08
PASK	0.899115384615385	2.02453076923077	1.17100939394001	7.49036894405014e-12	4.96682797837610e-11
MCM7	24.8746282051282	68.7803102564103	1.46732066142002	2.7409324776621e-20	2.41057798430177e-18
ZDHHC8	4.2248	8.85994102564103	1.06841404929009	3.91549003353783e-11	2.31193775478506e-10
RTKN2	0.454141025641026	0.915841025641026	1.01195682175389	5.06668286570543e-06	1.19582303228726e-05
IQGAP2	17.6028256410256	6.01801282051282	-1.5484479465235	1.0166503686381e-14	1.35905821279541e-13
EPHA4	2.02645897435897	0.858053846153846	-1.23982087803565	8.50237547583077e-10	3.65230576352525e-09
EVPL	5.65484102564103	20.7120461538462	1.87291171373495	1.57615227849792e-16	3.87316243730886e-15
HSPA2	12.9976615384615	3.32342564102564	-1.96750910530703	7.01797642092484e-14	7.66473111069635e-13
KCNG1	0.910533333333333	0.376184615384615	-1.27527098422555	2.25960648802121e-07	6.50663252370631e-07
ARHGAP33	0.830315384615385	1.74872564102564	1.07457262660611	6.48278860950318e-08	2.0324089618161e-07
TOP2A	10.4123743589744	32.3858179487179	1.63706309440367	6.52643664096389e-13	5.59265416771829e-12
CILP	6.39590512820513	1.35442051282051	-2.23947281092265	4.05953914545704e-12	2.87436013222827e-11
DNER	0.918284615384615	0.130666666666667	-2.81305022176718	1.32792617016793e-11	8.50178019291422e-11
CCDC88B	3.39153333333333	7.59517179487179	1.16314492509621	0.0187694315351928	0.026136433412756
DNMT3B	0.488764102564103	1.66606666666667	1.76923589548109	4.59230331088079e-08	1.47006491043713e-07
IRAG1	7.95552564102564	3.38325641025641	-1.23354473583792	4.75836577448437e-05	9.81633235699183e-05
ADAM8	1.93399487179487	3.94224102564103	1.02743201501237	0.0085771615845986	0.0126165818731199
DNAI4	2.12747179487179	0.421692307692308	-2.33487739537004	8.88167843394037e-15	1.19687779541245e-13
ARHGEF6	4.45345897435897	2.0970641025641	-1.08655534180561	2.97044543093858e-12	2.16751716816523e-11
MGAT5	11.5158282051282	24.2234230769231	1.07278457871527	3.03459126967475e-08	9.96228293050394e-08
SPINK5	3.12274102564103	1.15633846153846	-1.4332491910285	5.70077338589591e-06	1.33604380474503e-05
MYOCD	3.38112307692308	0.72755641025641	-2.21637151782716	3.26008503672968e-10	1.55645774182151e-09
APOBR	42.2314282051282	13.9473769230769	-1.59832321724414	6.83516348682049e-11	3.79453760348074e-10
COLEC12	3.0203641025641	1.09534871794872	-1.46333223286489	2.1644014324534e-12	1.60742879716873e-11
WNT5A	1.38751538461538	3.20966923076923	1.20992086153039	4.24068480787907e-07	1.17127013453982e-06
WASL	40.5137794871795	19.2227384615385	-1.07559880242673	3.96538711238819e-18	1.54096787553504e-16
CAND2	0.894061538461538	0.268866666666667	-1.7334832308354	1.08754525350063e-09	4.58911141060493e-09
PPP1R16B	4.05141794871795	1.2050358974359	-1.74935079842185	3.36459859540411e-15	5.35451833611454e-14
RTN1	1.47338717948718	0.485315384615385	-1.60214209462094	1.51712198411328e-14	1.95008525804099e-13
WDR72	0.270694871794872	2.01601282051282	2.89676535180767	1.04987750705613e-06	2.71500143441583e-06
PDCD11	5.33247692307692	11.3322128205128	1.08755187883506	7.49036894405014e-12	4.96682797837610e-11
GFRA1	2.45100256410256	0.301161538461538	-3.02476255412021	2.10375753091121e-18	9.5010238760882e-17
MET	6.68228974358974	26.6732615384615	1.99697980045681	1.46966888882686e-22	4.09302785538281e-20
CPXM2	9.31933846153846	2.66910512820513	-1.80387141788272	4.59014724848812e-06	1.0879625605991e-05
LEPR	1.30873076923077	0.504897435897436	-1.37410608219504	2.68068745236891e-11	1.62298142496683e-10
AMPD1	1.86351282051282	0.154676923076923	-3.59069486848541	6.69771074881821e-13	5.71014013330369e-12
ABCA8	3.61986666666667	0.18975641025641	-4.25371603041005	7.12789411081028e-21	9.92559254930332e-19
WDR3	2.5337641025641	6.05223333333333	1.25618539567957	1.01294201265252e-13	1.07128234376099e-12
CLIP4	1.79475384615385	0.618520512820513	-1.53689264216638	1.57025889670088e-12	1.23768991339017e-11
CCDC80	11.6190820512821	3.90565128205128	-1.57286104684766	1.91026273138234e-09	7.72893226183993e-09
PHLPP2	8.69394871794872	1.61485897435897	-2.42860340591624	2.21241959238671e-12	1.63581997295495e-11
CP	1.93962820512821	0.244292307692308	-2.9890997963022	2.56995329099827e-13	2.48230748512029e-12
CASD1	8.9417358974359	3.91699743589744	-1.19080675126989	2.24756952568032e-14	2.70193430029627e-13
ZZEF1	13.8143948717949	4.23859230769231	-1.70451525603389	1.85916568158487e-16	4.37558570975819e-15
STON1	1.85159743589744	0.648279487179487	-1.51408264080783	3.93297939302668e-05	8.22529232258771e-05
CLSPN	0.558033333333333	1.50997179487179	1.43609839426008	1.57025889670088e-12	1.23768991339017e-11
KCNA3	1.17015384615385	0.270458974358974	-2.11321654597941	7.01797642092484e-14	7.66473111069635e-13
ANKRD35	0.956771794871795	0.313535897435897	-1.6095442303629	2.90954649437388e-14	3.42383957190053e-13
STRIP2	0.257984615384615	1.2751641025641	2.30532598150578	1.85916568158487e-16	4.37558570975819e-15
SLC4A4	33.0051615384615	1.06427692307692	-4.95474616749048	1.39618544438552e-21	2.91628234696025e-19
MEI1	1.12660769230769	0.426341025641026	-1.40190543350144	1.48591910262501e-08	5.16210149789271e-08
SYNPO2	26.9662461538462	3.30845641025641	-3.02692452773673	2.00517883463338e-10	1.00923308213023e-09
MASTL	1.73872051282051	3.55454615384615	1.0316393194815	1.48454705519512e-09	6.09503225855294e-09
ANO5	1.58790512820513	0.21624358974359	-2.87639544735575	4.316503823808e-13	3.8988529132882e-12
SCUBE3	0.277433333333333	0.811	1.54756077802253	8.69771521009861e-05	0.000173228630704109
KIF20B	1.74225641025641	3.49432564102564	1.00405709829758	1.86641404000326e-07	5.4524088476319e-07
DYNC1I1	1.10773846153846	0.288476923076923	-1.94108948030374	7.44659991799778e-06	1.70689553675916e-05
MEIS1	2.18709743589744	0.754738461538462	-1.53496879328771	1.08900230293601e-08	3.88829668420101e-08
INHBA	0.125625641025641	4.83223076923077	5.26548649100286	4.18717505046252e-14	4.79230788309786e-13
LOXL4	1.59761025641026	0.51528717948718	-1.63246689647513	2.12223888541165e-07	6.14603323660809e-07
NOM1	2.31595128205128	4.93933846153846	1.09271292548071	4.15648080965791e-16	8.90446081145944e-15
IL16	2.00674871794872	0.624625641025641	-1.68379627726188	1.21526707315104e-15	2.18356051530687e-14
PLCG1	4.77480512820513	11.7143666666667	1.29476519802959	2.23839961743177e-09	8.86342597329026e-09
ADAMTSL4	2.36114615384615	0.940502564102564	-1.32798356437905	9.23118249208471e-10	3.94509103434106e-09
ITIH5	4.98840256410256	1.61917179487179	-1.62332183099138	9.10652666102958e-13	7.42292978077094e-12
SLCO2A1	20.7431846153846	5.67244102564103	-1.87059579226172	1.63419765958003e-15	2.84452530120649e-14
LGR4	26.1827974358974	10.7485179487179	-1.2844814980717	1.12773425548351e-16	2.89914452448145e-15
UTP4	5.25739743589744	14.1365307692308	1.42700740786695	9.685901664006e-14	1.03090074398433e-12
KIFC3	0.858425641025641	1.81141538461538	1.07735234085464	1.03647790936295e-07	3.13759888866936e-07
WDR35	0.947482051282051	2.12154615384615	1.16294554571309	3.74260515339336e-08	1.21434819637287e-07
PCDHGC3	3.09340512820513	1.47744358974359	-1.06609274061259	1.03054590302412e-08	3.68745653951457e-08
CBX8	1.28042307692308	4.4219	1.78804581562543	7.3483444441343e-23	2.45581671322968e-20
GPSM2	1.18861025641026	3.47795641025641	1.54896411624711	8.17102538095984e-12	5.39675233659442e-11
TIMELESS	4.52894871794872	9.56617692307692	1.07876627010733	1.11709812840671e-11	7.26331117730588e-11
ANPEP	377.014584615385	26.0309205128205	-3.85632209974003	2.52814345477208e-15	4.14169383620014e-14
UGT2B15	17.8509974358974	2.19478717948718	-3.02385172923881	5.53665741302923e-07	1.49947399305865e-06
CD22	2.58362820512821	0.376364102564103	-2.77919753898825	4.00173037856466e-10	1.83202505824152e-09
KIF18B	1.54531025641026	6.04586153846154	1.96805141766137	5.02626759978786e-20	4.19944657962276e-18
SI	22.3708102564103	2.05321538461538	-3.4456606299945	1.65496981019673e-11	1.03964456873637e-10
ENPP2	7.12554358974359	2.53666153846154	-1.49006904152093	5.12847542872755e-15	7.65150217982476e-14
PDE6A	1.61073846153846	0.128046153846154	-3.65298643599453	2.64398372940048e-12	1.93776175957377e-11
SCARA5	22.6025717948718	0.906779487179487	-4.63959137098656	7.3483444441343e-23	2.45581671322968e-20
PROX1	1.26398717948718	4.64750769230769	1.87847542256088	7.44659991799778e-06	1.70689553675916e-05
ADAM19	3.31079487179487	7.56881282051282	1.19288940121846	4.32730133009987e-05	8.97136541265122e-05
MTUS1	9.53494615384615	4.46805128205128	-1.09357904686596	5.12847542872755e-15	7.65150217982476e-14
DDR2	7.31057179487179	2.69024615384615	-1.4422460672414	3.31115700811291e-09	1.28673101408295e-08
THRB	3.10928461538462	0.578892307692308	-2.42521579176193	4.46045029491408e-15	6.90130781740873e-14
AXDND1	0.820074358974359	0.348423076923077	-1.23491454943771	4.32730133009987e-05	8.97136541265122e-05
DZIP1	1.121	0.555238461538462	-1.01360686572527	1.9882116206479e-06	4.94390121741464e-06
TESPA1	0.81125641025641	0.273087179487179	-1.57079638673893	4.65467376818639e-13	4.18169885303197e-12
FOXN3	8.10941025641026	3.80381282051282	-1.0921507453699	1.14323883091282e-13	1.19397005403458e-12
B4GALNT4	0.467115384615385	3.50098461538462	2.90590985532712	0.0177582834639542	0.0248111134350062
SPARCL1	87.8888179487179	27.8900666666667	-1.65592824076249	5.52528172236051e-12	3.78391219592804e-11
ZBTB33	4.33954102564103	8.76558205128205	1.01430742868817	4.00173037856466e-10	1.83202505824152e-09
TUSC3	2.98717692307692	1.4398358974359	-1.05287829481913	3.08167220587468e-05	6.52658334095892e-05
TSHZ1	7.28331794871795	3.55449743589744	-1.03495023231348	4.78750267479676e-10	2.15631185164027e-09
DHX37	3.9566717948718	8.1641	1.04500645467551	3.02507679095899e-16	6.73987109025663e-15
DNMT1	3.86883076923077	8.83305641025641	1.19101510130218	2.91798363566596e-15	4.68841409153637e-14
ADA2	8.60325128205128	3.68737435897436	-1.22228808351989	7.20646926702332e-10	3.13594014197812e-09
PIK3CD	3.21260512820513	1.58921538461538	-1.01542900053267	7.42088903867105e-08	2.30061328081991e-07
CTNNBL1	9.80579743589744	19.7690153846154	1.01153415355417	4.26153833392137e-14	4.84423847345756e-13
ADAMTSL2	0.805058974358974	2.17128974358974	1.43138588005526	4.0117653728844e-08	1.28669096700381e-07
MACC1	1.53098717948718	8.25022307692308	2.42997092703155	2.52814345477208e-15	4.14169383620014e-14
FZD3	0.460884615384615	1.25707179487179	1.44758953291154	8.88694150204443e-09	3.24237538207778e-08
ITGA11	0.83165641025641	3.49105384615385	2.06960308634681	2.91564504533538e-07	8.28578719516228e-07
DNA2	0.982794871794872	2.60938974358974	1.40875020914454	2.83994356479603e-10	1.39165562955254e-09
LZTS3	1.77456153846154	9.09058205128205	2.35691006495358	4.15648080965791e-16	8.90446081145944e-15
BRIP1	0.524266666666667	1.15371794871795	1.13791784304228	2.23839961743177e-09	8.86342597329026e-09
INPP5D	3.92992051282051	9.15991794871795	1.22083454262566	1.82399942036923e-11	1.141536715894e-10
HCFC2	2.54400769230769	1.2009	-1.08298701134187	3.87581953814409e-15	6.10990042286677e-14
NEDD4L	4.30210769230769	1.80002051282051	-1.2570302919781	1.17353060772825e-19	8.52595498049524e-18
ENOX2	2.84635641025641	6.31228717948718	1.14904652057848	7.49076528107137e-11	4.14472476313585e-10
ENC1	5.21681794871795	23.2190051282051	2.15406416430156	1.43292716660619e-20	1.71030092528496e-18
DENND5B	1.87904871794872	0.86934358974359	-1.11200408219464	5.61080189831317e-10	2.49352392874503e-09
MYBBP1A	7.06791794871795	16.3374615384615	1.2088266427532	1.94578226056421e-12	1.46459556639766e-11
C20orf194	2.00410512820513	0.718579487179487	-1.47973853178794	2.43610260428061e-11	1.48566695319449e-10
ARNTL2	0.760705128205128	3.66665384615385	2.26905483756364	6.83102099526725e-19	4.07665574396128e-17
ZNF749	0.564279487179487	1.33434615384615	1.24165116615015	1.08329293795428e-18	6.03394166440534e-17
WDR62	0.506274358974359	1.87291282051282	1.88729242348414	3.22004453541965e-18	1.34517360467156e-16
MIER3	21.5321076923077	5.68165384615385	-1.9221067027375	1.30778486072258e-17	4.37061700453486e-16
FADS2	1.36644358974359	5.09150769230769	1.89766702603798	6.69516639310446e-06	1.55168142064876e-05
HHIP	1.12963076923077	0.233953846153846	-2.27155543920865	8.99727546084138e-16	1.65213706539186e-14
PRX	0.883646153846154	0.412758974358974	-1.09816919117698	1.48454705519512e-09	6.09503225855294e-09
PUS7	2.46892307692308	9.56704358974359	1.95419128378169	3.97211084755458e-17	1.18524950468995e-15
OLFM1	2.58999743589744	0.862707692307692	-1.58600694474619	5.52528172236051e-12	3.78391219592804e-11
IQGAP3	2.86904871794872	12.2625769230769	2.09561781534685	6.72373516638289e-20	5.35017212525038e-18
NEFL	1.67980769230769	0.111471794871795	-3.91354545607512	3.21142868536921e-13	2.99793147109047e-12
SHROOM4	0.690725641025641	3.40039230769231	2.29951651628216	1.59704078867767e-10	8.18605876650425e-10
CDH19	1.22744358974359	0.0825025641025641	-3.89507395549175	4.19696446286279e-13	3.81148240078463e-12
SP140	1.09564615384615	0.445617948717949	-1.29790269742349	1.5369720760881e-07	4.5295949543972e-07
ITGB3	2.22943333333333	1.02941794871795	-1.11484821702965	0.000563792365159543	0.000992726071845729
MAN1A1	29.9937794871795	11.7083512820513	-1.35712539002699	5.6816532137402e-16	1.13024315716189e-14
NUP155	2.73147435897436	5.89338974358974	1.10941779796346	4.23329517891017e-11	2.47793802646615e-10
SRPK1	7.12071538461538	14.3467512820513	1.01062999170064	1.40837207596999e-10	7.28603634348561e-10
TEX10	2.40217948717949	5.34925641025641	1.15499440817663	1.28946422040268e-13	1.3218985964987e-12
CYP4F12	10.9507153846154	5.01648461538462	-1.12627648986463	7.65606668924224e-09	2.81171152477446e-08
KLHL6	1.64929743589744	0.596	-1.46846736345978	1.38171990755138e-08	4.85053354100495e-08
PIWIL1	0.0469128205128205	1.26630512820513	4.75449902567947	1.30004122342892e-10	6.78865276359289e-10
ADAMDEC1	124.659351282051	12.1214871794872	-3.36235249185391	6.74464855467089e-17	1.84759143194345e-15
CEL	0.288933333333333	24.4075307692308	6.40044588678496	6.76105101475498e-15	9.41476353804631e-14
SEMA6A	10.4643205128205	2.13686666666667	-2.2919098385168	1.99874968880453e-20	2.08744420624523e-18
PDE2A	2.64755641025641	0.584907692307692	-2.17838055572037	7.72825017772383e-16	1.48435701689385e-14
APBA1	1.13311025641026	0.47985641025641	-1.23961357736297	2.00517883463338e-10	1.00923308213023e-09
ZNF572	0.581346153846154	1.29043076923077	1.15038338814803	1.03054590302412e-08	3.68745653951457e-08
CPQ	11.7154307692308	5.59014871794872	-1.06745143265199	1.01653193654643e-12	8.20591722690379e-12
HK2	64.9177128205128	26.3640923076923	-1.30003784491755	7.20646926702332e-10	3.13594014197812e-09
KIF4A	3.11102307692308	9.09740512820513	1.5480660045544	3.02507679095899e-16	6.73987109025663e-15
MCM10	0.791274358974359	2.93076666666667	1.88902819930152	2.18818971464054e-15	3.73108674812688e-14
HROB	0.922720512820513	3.02668205128205	1.71377149560068	8.01834444551714e-17	2.16107315620309e-15
COL28A1	1.27853333333333	0.409576923076923	-1.64228343783773	1.28823456044545e-10	6.74808761913588e-10
JAG2	1.9137	10.0656282051282	2.39500062553179	3.96538711238819e-18	1.54096787553504e-16
LDB3	3.22386153846154	0.314935897435897	-3.35565966781371	4.98796021710792e-12	3.47286730116139e-11
CEP83	1.07106666666667	2.38754871794872	1.15648189074524	2.12970072570394e-08	7.21851909259895e-08
ZC3H12C	3.06243333333333	1.00426153846154	-1.60854340084579	2.10375753091121e-18	9.5010238760882e-17
RASGRP2	1.66850512820513	0.599723076923077	-1.47618772782045	2.43610260428061e-11	1.48566695319449e-10
CD180	1.86062564102564	0.644441025641026	-1.52966756827993	9.83871929371069e-11	5.28633438578475e-10
SLC12A2	19.389	53.883717948718	1.47461100199796	8.98710675977221e-11	4.89167928194768e-10
FCN1	1.42236666666667	0.518041025641026	-1.45715515988382	0.000757730454117998	0.00131618252477253
EBF1	1.23993333333333	0.454069230769231	-1.44927837087132	4.30043104533323e-11	2.47793802646615e-10
MYOM1	2.68874102564103	0.383725641025641	-2.8087837283384	1.85916568158487e-16	4.37558570975819e-15
RTL5	1.48237179487179	0.520323076923077	-1.51042773752149	4.50088242023306e-12	3.16007332949977e-11
TUB	0.849548717948718	0.256228205128205	-1.72926738847961	6.52643664096389e-13	5.59265416771829e-12
